genotype,devstage,arclength,x,y,x_sd,y_sd,x_sem,y_sem,curvature,curvature_sd,curvature_sem,thickness,crosssection
ecadGFPnbG4,wL3,-58.69604498096071,52.0534180263645,-24.403397742502413,0.7102465690384393,1.0813874169427204,0.31763192183118955,0.4836111548593661,0.012936037559845636,0.0014721957387471328,0.000658385949604822,0.05,Across_DV
ecadGFPnbG4,wL3,-56.663163649767725,50.645065713558814,-22.937632906032157,0.6816824924880837,1.051154117725282,0.30485767845496897,0.4700904124125094,0.013021815630206268,0.0006841601853701637,0.00030596573639730864,0.05,Across_DV
ecadGFPnbG4,wL3,-54.63028231857475,49.19851050221857,-21.509741523602816,0.6545585844413214,1.0207619921103848,0.29272749801336617,0.45649864064138485,0.013043298024900469,0.0002314170459534086,0.00010349284918080284,0.05,Across_DV
ecadGFPnbG4,wL3,-52.59740098738177,47.714704477540124,-20.120778299805647,0.6286845274519512,0.9898002774165694,0.2811562679569791,0.4426521408903198,0.013018321638349956,0.00019873702045099817,8.887789747483956e-05,0.05,Across_DV
ecadGFPnbG4,wL3,-50.56451965618879,46.194724458623696,-18.771606440244494,0.6039307249054952,0.95805135934838,0.27008603091788247,0.4284535930878113,0.01296470441566811,0.00024736896544970107,0.00011062676445386568,0.05,Across_DV
ecadGFPnbG4,wL3,-48.53163832499581,44.63973159814333,-17.462964381213656,0.5802156576860008,0.9254467536083959,0.2594803304391292,0.4138723701249744,0.012900994032115138,0.00020566031357585415,9.197408828590654e-05,0.05,Across_DV
ecadGFPnbG4,wL3,-46.49875699380283,43.05093091762943,-16.195532550359225,0.5575018531134232,0.8920242046888657,0.24932240822874338,0.39892535185189804,0.012846711946715206,0.00011824843785924707,5.288230905728723e-05,0.05,Across_DV
ecadGFPnbG4,wL3,-44.46587566260985,41.42952991402071,-14.969999835041673,0.5357920411331788,0.8578806491030634,0.23961348515543024,0.38365588959521874,0.01281774633351177,6.967504131734055e-05,3.1159625744135995e-05,0.05,Across_DV
ecadGFPnbG4,wL3,-42.43299433141687,39.776707372122864,-13.78710967965145,0.5151154540189264,0.8231259004319387,0.23036663428939735,0.36811309348130766,0.012809750641490467,0.00010037688150643397,4.488990608356557e-05,0.05,Across_DV
ecadGFPnbG4,wL3,-40.4001130002239,38.093618546519835,-12.64764822940922,0.4955025760791289,0.7878450100616925,0.22159548862783868,0.35233499964639003,0.012814714236369804,0.00011974149889441332,5.3550026251124816e-05,0.05,Across_DV
ecadGFPnbG4,wL3,-38.367231669030915,36.381411303723404,-11.552417070656194,0.47697466532300664,0.752086287137635,0.2133095550414909,0.33634321259703553,0.01282890264943965,0.00011290763511330759,5.0493829458419585e-05,0.05,Across_DV
ecadGFPnbG4,wL3,-36.33435033783793,34.64123394333769,-10.502218140032603,0.4595465034365168,0.715869122002858,0.20551544410127845,0.3201464039582962,0.012848513546524984,8.576545133250649e-05,3.8355475860086884e-05,0.05,Across_DV
ecadGFPnbG4,wL3,-34.30146900664495,32.87424203315966,-9.497839977690154,0.4432287281082934,0.6791929710818393,0.19821791312618314,0.3037443306358083,0.012869684708132087,4.702854397312963e-05,2.1031804241351178e-05,0.05,Across_DV
ecadGFPnbG4,wL3,-32.268587675451975,31.081605244076496,-8.540043980775549,0.4280283744640412,0.6420459623423767,0.19142010832006623,0.28713168329536487,0.012888535356714081,9.19489437569931e-06,4.1120817739988295e-06,0.05,Across_DV
ecadGFPnbG4,wL3,-30.235706344258993,29.26451418445945,-7.629550670274557,0.4139476493549504,0.6044134334825693,0.18512301661678318,0.27030190475621446,0.012901318231094425,3.1512518449920316e-05,1.4092826679247626e-05,0.05,Across_DV
ecadGFPnbG4,wL3,-28.202825013066015,27.424186727712765,-6.767027044447933,0.40098153029962746,0.5662861018894099,0.17932439189437172,0.2532508437076185,0.012906789616112541,5.328226326334751e-05,2.382855253037696e-05,0.05,Across_DV
ecadGFPnbG4,wL3,-26.169943681873036,25.5618696388414,-5.953082400116072,0.3891172677510224,0.5276661405465348,0.17401853238205456,0.23597947193740196,0.01290682052164981,6.21361648006853e-05,2.7788137671092397e-05,0.05,Across_DV
ecadGFPnbG4,wL3,-24.137062350680054,23.678834977721802,-5.188273492849035,0.37833490311877693,0.48856905726583333,0.16919651232687646,0.21849472474987816,0.01290284671103673,6.0635578717457946e-05,2.7117055173455094e-05,0.05,Across_DV
ecadGFPnbG4,wL3,-22.10418101948708,21.776376736045197,-4.473109597218601,0.36860649874921364,0.44902169950574927,0.16484583763028657,0.2008086086934678,0.012896287844355842,5.177401599497888e-05,2.315404384658684e-05,0.05,Across_DV
ecadGFPnbG4,wL3,-20.071299688294097,19.855807725904214,-3.8080571859624577,0.35989583241939327,0.40905960091092164,0.16095030922172718,0.18293701489715114,0.01288856988266858,3.873595054470297e-05,1.7323243718205167e-05,0.05,Across_DV
ecadGFPnbG4,wL3,-18.038418357101122,17.918456469356833,-3.1935446077073317,0.35215898071538865,0.36872425644521467,0.1574902839533293,0.164898500472913,0.012881105197051632,2.5208349595730247e-05,1.1273516659326435e-05,0.05,Across_DV
ecadGFPnbG4,wL3,-16.00553702590814,15.96566408799022,-2.629966764692065,0.3453458561938776,0.3280604331329508,0.1544433620394754,0.14671308584266046,0.012875273854240471,1.6510371426771344e-05,7.383662568806183e-06,0.05,Across_DV
ecadGFPnbG4,wL3,-13.972655694715158,13.998781200751997,-2.11768976676199,0.33940267349272374,0.2871137325566602,0.15178548993497926,0.12840116465407733,0.012872239086216578,1.662235438979021e-05,7.4337428723325885e-06,0.05,Across_DV
ecadGFPnbG4,wL3,-11.939774363522183,12.019165252511623,-1.6570545225964832,0.3342748342685132,0.2459292305015428,0.14949225051837434,0.10998289541113287,0.012871883410822915,1.9695723567148462e-05,8.80819535243772e-06,0.05,Across_DV
ecadGFPnbG4,wL3,-9.9068930323292,10.028179357590563,-1.2483763019748277,0.32990906222136546,0.20455292147541923,0.14753981790403617,0.09147884748304279,0.012873541257481563,2.1851226226091172e-05,9.77216544665321e-06,0.05,Across_DV
ecadGFPnbG4,wL3,-7.874011701136219,8.027191777277455,-0.8919420368582998,0.32625515471561894,0.16303788449494722,0.14590574079076699,0.07291275852769219,0.012876532333731339,2.2795591184899504e-05,1.0194498295346053e-05,0.05,Across_DV
ecadGFPnbG4,wL3,-5.841130369943244,6.017575363958165,-0.5880075274961174,0.3232674884524059,0.1214626440755492,0.14456961581904157,0.05431974577595802,0.012880154580873035,2.305669436672775e-05,1.0311267188087942e-05,0.05,Across_DV
ecadGFPnbG4,wL3,-3.8082490387502617,4.000707003517094,-0.33679465066353426,0.32090615916413706,0.08000493832076094,0.14351359725787552,0.03577929612417987,0.012883692790885503,2.3050788044637837e-05,1.0308625800549932e-05,0.05,Across_DV
ecadGFPnbG4,wL3,-1.7753677075572796,1.9779670577386035,-0.1384885678999387,0.31913775285939605,0.03947476493538162,0.1427227419160275,0.017653651558267678,0.01288642751237139,2.272908851588443e-05,1.0164757397625479e-05,0.05,Across_DV
ecadGFPnbG4,wL3,0.2575136236356954,-0.049261193291694705,0.006765066251755625,0.31793577492367026,0.0158371687940533,0.14218520104167992,0.007082597198928309,0.012887644634708114,2.1570877600502257e-05,9.646789729810118e-06,0.05,Across_DV
ecadGFPnbG4,wL3,2.2903949548286775,-2.0795921101073582,0.09886282368038572,0.31728079556404887,0.04995164931665631,0.1418922853672854,0.022339056692054885,0.01288691747544866,1.901471860556575e-05,8.503640675015005e-06,0.05,Across_DV
ecadGFPnbG4,wL3,4.3232762860216525,-4.111638276524859,0.13774492291459367,0.31716059810456,0.09110173087098616,0.1418385314292574,0.04074193261908324,0.012884592871329145,1.5193707261694267e-05,6.7948324534761134e-06,0.05,Across_DV
ecadGFPnbG4,wL3,6.356157617214635,-6.144011129667698,0.1233940577972299,0.3175706296545812,0.13290449336455987,0.14202190311301083,0.05943669633566512,0.012881168049264641,1.0855685103026763e-05,4.85480996653993e-06,0.05,Across_DV
ecadGFPnbG4,wL3,8.389038948407617,-8.175321604569469,0.05583342840002033,0.31851443263684737,0.1748673061013852,0.14244398463815366,0.0782030366969922,0.01287715628280985,7.75863192455049e-06,3.469765679138983e-06,0.05,Across_DV
ecadGFPnbG4,wL3,10.421920279600599,-10.204180779146906,-0.06487524830252929,0.3200038837796195,0.21685706993187698,0.1431100874390343,0.09698142995382052,0.012873080032290795,8.471200377368099e-06,3.7884359789633876e-06,0.05,Across_DV
ecadGFPnbG4,wL3,12.454801610793567,-12.229200519172883,-0.23863372775922964,0.3220592039978998,0.2588101293657497,0.14402925458375518,0.11574340850546617,0.012869464160723057,1.1647221720183873e-05,5.208795903068634e-06,0.05,Across_DV
ecadGFPnbG4,wL3,14.487682941986549,-14.24899412324947,-0.46530922716830964,0.32470870973191246,0.30068365768023075,0.14521414956936074,0.13446981965925453,0.012866829298666515,1.4441369698809177e-05,6.458376866948596e-06,0.05,Across_DV
ecadGFPnbG4,wL3,16.52056427317953,-16.262176967780892,-0.7447364148035059,0.32798828213331277,0.3424426372567657,0.14668081893469342,0.15314500306008605,0.012865685393179388,1.539317099341254e-05,6.884035346109681e-06,0.05,Across_DV
ecadGFPnbG4,wL3,18.553445604372513,-18.26736715232323,-1.076719395547001,0.33194053941473683,0.3840552943928764,0.14844832212385994,0.1717547490762331,0.012866495537728825,1.361652045043977e-05,6.089493068839876e-06,0.05,Across_DV
ecadGFPnbG4,wL3,20.586326935565495,-20.263186203109782,-1.4610334244316552,0.3366136561689497,0.4254909390510899,0.1505382034697026,0.19028533270569137,0.012869237121233954,9.179910711858387e-06,4.105380875818767e-06,0.05,Across_DV
ecadGFPnbG4,wL3,22.619208266758463,-22.24826028047716,-1.8974248838509564,0.342059510812134,0.46671846312065557,0.15297366370525117,0.20872284197840288,0.012873303518279788,4.884356567831815e-06,2.1843506624039e-06,0.05,Across_DV
ecadGFPnbG4,wL3,24.652089597951445,-24.2212220366092,-2.3856093204187356,0.3483312515899444,0.5077057263331098,0.15577847144853946,0.22705290332934772,0.01287800463224569,8.91912770986293e-06,3.988755171851106e-06,0.05,Across_DV
ecadGFPnbG4,wL3,26.684970929144427,-26.180712606802814,-2.92526911436975,0.35548082738962306,0.5484193937827212,0.15897585894821326,0.24526060893547802,0.012882621282108023,1.656412957794148e-05,7.407703944878409e-06,0.05,Across_DV
ecadGFPnbG4,wL3,28.71785226033741,-28.125383602559204,-3.5160511443421685,0.3635566856991444,0.5888249309868105,0.1625874925795625,0.26333051450662615,0.012886414286691319,2.377320320929823e-05,1.06316996837814e-05,0.05,Across_DV
ecadGFPnbG4,wL3,30.75073359153039,-30.053899104674873,-4.157564452160039,0.3726017499509253,0.6288866829852345,0.16663256828512957,0.28124667465986897,0.01288863392671726,2.9191343520831005e-05,1.3054765693425235e-05,0.05,Across_DV
ecadGFPnbG4,wL3,32.78361492272337,-31.964937656332733,-4.849377907615759,0.3826517663173512,0.6685679928632001,0.17112707223919232,0.2989926959245419,0.012888529750458672,3.181382634374084e-05,1.422757566579562e-05,0.05,Across_DV
ecadGFPnbG4,wL3,34.81649625391634,-33.85719425569215,-5.591017874362065,0.3937340798197575,0.7078313303813552,0.17608323350706118,0.31655179426736446,0.012885379169978247,3.08823956153416e-05,1.3811027180789053e-05,0.05,Across_DV
ecadGFPnbG4,wL3,36.84937758510932,-35.729382267364564,-6.381966054656099,0.40586699705349927,0.7466387149754632,0.18150923904706623,0.3339069842636452,0.012878848440780527,2.608163538734137e-05,1.1664061938091871e-05,0.05,Across_DV
ecadGFPnbG4,wL3,38.882258916302305,-37.58023460122725,-7.22165885142859,0.419060522474562,0.784953817732011,0.1874095629879398,0.3510420191293513,0.012869749895274877,1.975676693478467e-05,8.835494776359736e-06,0.05,Across_DV
ecadGFPnbG4,wL3,40.91514024749529,-39.408502889283085,-8.109490478655987,0.43331862847810604,0.8227443420805908,0.19378598183880427,0.3679424553991083,0.012859771681017752,1.8230797278225044e-05,8.15306039962587e-06,0.05,Across_DV
ecadGFPnbG4,wL3,42.94802157868827,-41.21295503163755,-9.044818929678236,0.4486418353445663,0.8599830663426431,0.2006387282761436,0.38459611916817227,0.012850680553847759,2.465262137960333e-05,1.1024987445671538e-05,0.05,Across_DV
ecadGFPnbG4,wL3,44.98090290988124,-42.99237247692957,-10.026972375849839,0.4650295650377544,0.8966486046680279,0.20796754379431567,0.4009934463936091,0.012844246841517476,3.359913952104832e-05,1.5025991990912754e-05,0.05,Across_DV
ecadGFPnbG4,wL3,47.01378424107422,-44.74554749887427,-11.05525557013709,0.4824822419734734,0.9327261799359835,0.21577261819783775,0.4171278285461119,0.012842221787710573,4.0772064852498834e-05,1.8233821718643466e-05,0.05,Across_DV
ecadGFPnbG4,wL3,49.0466655722672,-46.47128047280561,-12.128956250715232,0.5010031073394077,0.9682084011373887,0.22405540098990787,0.43299596026591713,0.01284631541810268,4.4160313306940664e-05,1.9749092492401572e-05,0.05,Across_DV
ecadGFPnbG4,wL3,51.079546903460184,-48.16837715233819,-13.247351544369167,0.5205997304575468,1.0030960198399232,0.23281927727422846,0.4485981776643092,0.012858160462775303,4.355825261658777e-05,1.9479842766359667e-05,0.05,Across_DV
ecadGFPnbG4,wL3,53.112428234653166,-49.83564617766952,-14.40971398768986,0.5412848001531345,1.037397971604314,0.24206992166595945,0.4639384768455285,0.012878049411787173,4.073835437997907e-05,1.82187459370219e-05,0.05,Across_DV
ecadGFPnbG4,wL3,55.14530956584615,-51.47189937643088,-15.615312939223596,0.5630715860467955,1.0711234074870783,0.25181326851985136,0.47902095028646285,0.012903537440615379,3.8493495759549426e-05,1.7214814641990484e-05,0.05,Across_DV
ecadGFPnbG4,wL3,57.178190897039116,-53.07595777978853,-16.863406558787453,0.5859612440541618,1.1042630295525349,0.26204983477709004,0.4938414398238654,0.012928312909336529,4.2781645298272624e-05,1.913253341524437e-05,0.05,Across_DV
ecadGFPnbG4,wL3,59.2110722282321,-54.64666587219072,-18.153221059844917,0.6099289428870098,1.136774030832936,0.27276851554798814,0.5083808015997773,0.01294324280059618,5.2067572840403254e-05,2.3285326458912696e-05,0.05,Across_DV
ecadGFPnbG4,wL3,61.24395355942508,-56.18291275455498,-19.483920774239103,0.6349141338545549,1.1685718133587817,0.28394223263483703,0.5226012022520865,0.012939096556074604,6.648540713711486e-05,2.97331779740677e-05,0.05,Across_DV
ecadGFPnbG4,wL3,63.27683489061806,-57.68365478174127,-20.854576591144355,0.6608135656663249,1.1995234189472201,0.2955248106567847,0.5364431810737886,0.012906979516308977,9.887176011032579e-05,4.4216795332348115e-05,0.05,Across_DV
ecadGFPnbG4,wL3,65.30971622181104,-59.14793823933694,-22.26413435754273,0.6874756314281526,1.2294409975939722,0.307448448949588,0.5498227289890554,0.01283843864104021,0.00016530542215013408,7.392683219539984e-05,0.05,Across_DV
ecadGFPnbG4,wL3,67.34259755300403,-60.574922020441534,-23.7113832787005,0.7146957338944615,1.2580752419905818,0.31962164884342326,0.5626283523800878,0.012725523298572012,0.00027422406740907143,0.00012263673115863366,0.05,Across_DV
ecadGFPnbG4,0hAPF,-58.99937257438757,53.03952062981623,-23.054966107528042,0.6755643547304768,1.034192248509953,0.30212156407062557,0.4625048338943221,0.01776676881060551,0.004319337764293687,0.0019316665717485294,0.05,Across_DV
ecadGFPnbG4,0hAPF,-56.95739125334409,51.56480601467727,-21.64297217979622,0.6478874115631558,0.9920334286450481,0.2897440588043199,0.4436508364805029,0.01463778156334231,0.0024713959405202515,0.0011052418644640618,0.05,Across_DV
ecadGFPnbG4,0hAPF,-54.91540993230061,50.05317617764352,-20.280596990619866,0.6214354757560252,0.9619250513894468,0.277914393484079,0.4301859608333563,0.012551162061906526,0.0009515497850094092,0.00042554600065126984,0.05,Across_DV
ecadGFPnbG4,0hAPF,-52.87342861125713,48.505514607093595,-18.95638416264476,0.5963766604685437,0.9351771344190402,0.26670775060039503,0.4182239287128864,0.01153398098870557,0.00019406954641148697,8.679053962772704e-05,0.05,Across_DV
ecadGFPnbG4,0hAPF,-50.831447290213646,46.92322639957079,-17.6661187488909,0.5728328880372247,0.9066720294153252,0.25617865547975205,0.4054760582140712,0.011376572945788126,0.0005942644203601057,0.00026576312810694126,0.05,Across_DV
ecadGFPnbG4,0hAPF,-48.789465969170166,45.30804069964788,-16.410596819782153,0.5508575549423077,0.8741958257542586,0.24635098775406505,0.3909522584066167,0.011762659900708058,0.0006486224119964625,0.00029007276099079306,0.05,Across_DV
ecadGFPnbG4,0hAPF,-46.74748464812669,43.661813456339914,-15.193397680558359,0.5304235849821815,0.837821201416799,0.23721263857785885,0.37468503187170116,0.01233630357856098,0.0004024551679994934,0.00017998342270859305,0.05,Across_DV
ecadGFPnbG4,0hAPF,-44.70550332708321,41.986340306671494,-14.01873712233974,0.5114328690742852,0.7991669758017356,0.22871973223557032,0.35739833665312204,0.012768269089574319,0.00016164542748692116,7.229003282255374e-05,0.05,Across_DV
ecadGFPnbG4,0hAPF,-42.66352200603973,40.28322035772426,-12.889707420256247,0.49375860807936106,0.7602903316386391,0.22081556242822564,0.34001217283597124,0.012861460647286466,0.000378900801649148,0.00016944958984333185,0.05,Across_DV
ecadGFPnbG4,0hAPF,-40.62154068499625,38.553817793589296,-11.807432418284709,0.477271635255072,0.7226809064625473,0.21344236403256522,0.3231927265782846,0.012633949268977962,0.0005331148894705866,0.00023841622653470368,0.05,Across_DV
ecadGFPnbG4,0hAPF,-38.57955936395277,36.7992946888485,-10.77130278922233,0.46185124932253036,0.6870186414965714,0.2065461577956763,0.3072440768391783,0.012178658877390176,0.0005563630823358268,0.0002488131344548442,0.05,Across_DV
ecadGFPnbG4,0hAPF,-36.53757804290929,35.02065635787169,-9.779591680188826,0.44739377300647937,0.6533082688691624,0.20008057783051966,0.29216833989083135,0.011608409586547066,0.0004650495891506206,0.00020797649884982724,0.05,Across_DV
ecadGFPnbG4,0hAPF,-34.49559672186581,33.218796837917814,-8.83009114934566,0.43381913460633637,0.621037359470103,0.1940098149839799,0.2777363504684246,0.011052501250284346,0.0002916113268568026,0.00013041254997214413,0.05,Across_DV
ecadGFPnbG4,0hAPF,-32.45361540082233,31.394544372208166,-7.920748606400214,0.4210751429077057,0.5893322396679581,0.18831052863541367,0.26355738984595045,0.01065140645290531,0.00012778226265664026,5.71459651237961e-05,0.05,Across_DV
ecadGFPnbG4,0hAPF,-30.411634079778842,29.5487067756904,-7.050301692502349,0.4091392029458793,0.5571139994116764,0.18297261400941364,0.24914895478025723,0.010545044424789941,0.0002606142585352823,0.0001165502395981192,0.05,Across_DV
ecadGFPnbG4,0hAPF,-28.369652758735363,27.682113059583134,-6.218860274776627,0.39801376594824983,0.5233204631318833,0.17799716732819554,0.2340360259159127,0.010813762941307339,0.0004217508777980128,0.00018861272646531269,0.05,Across_DV
ecadGFPnbG4,0hAPF,-26.327671437691883,25.795638519832256,-5.428183186818733,0.38771500239188067,0.48724514171452565,0.17339142024894774,0.21790265171603954,0.01140405814147204,0.0004839734336432835,0.00021643949938607312,0.05,Across_DV
ecadGFPnbG4,0hAPF,-24.285690116648404,23.890211568135896,-4.681409160713522,0.3782634914567064,0.4486723615169089,0.16916457606072127,0.20065237999543378,0.01220520325245,0.00045422479805097614,0.00020313550510161932,0.05,Across_DV
ecadGFPnbG4,0hAPF,-22.243708795604924,21.96681581072961,-3.982521574435591,0.3696764816863229,0.40780692691910564,0.1653243485467148,0.18237680205728182,0.013100014171256728,0.0003487579202070697,0.00015596928345489107,0.05,Across_DV
ecadGFPnbG4,0hAPF,-20.201727474561444,20.02649199222613,-3.335790604329447,0.3619619690464828,0.3651812651518422,0.16187431361152205,0.16331402659777883,0.013964023274297558,0.00018729251392307628,8.375975856176487e-05,0.05,Across_DV
ecadGFPnbG4,0hAPF,-18.159746153517965,18.070339939773927,-2.745215330425107,0.35511489157875353,0.3215621629549158,0.1588122074785121,0.14380697107181126,0.014663789521742032,6.769587295393258e-05,3.0274514744236546e-05,0.05,Across_DV
ecadGFPnbG4,0hAPF,-16.117764832474478,16.09952050721585,-2.213965841755127,0.3491154263819368,0.277857434294115,0.15612916507676683,0.1242616222270645,0.015057060843209291,0.0002633579383942187,0.00011777725053273496,0.05,Across_DV
ecadGFPnbG4,0hAPF,-14.075783511430998,14.115257532248823,-1.7438280274798763,0.343929112328146,0.2350194902928796,0.15380977492137907,0.10510391126644615,0.015010970534373327,0.00046760258135863047,0.00020911823167445474,0.05,Across_DV
ecadGFPnbG4,0hAPF,-12.033802190387519,12.118839014874776,-1.3347576841493596,0.33950880537005246,0.1938891893029122,0.15183295355343657,0.08670988147672735,0.0145244271454218,0.0006032191561124166,0.00026976780767948424,0.05,Across_DV
ecadGFPnbG4,0hAPF,-9.99182086934404,10.111610175199072,-0.9849255636493639,0.33579936006714445,0.1550363298448825,0.15017403918221267,0.06933435450304734,0.013707397431129734,0.0006678579415898842,0.000298675151341613,0.05,Across_DV
ecadGFPnbG4,0hAPF,-7.9498395483005595,8.094956730424288,-0.6911695171901546,0.33274361288414606,0.11875971372554095,0.14880746749756507,0.05311095857574487,0.012684154120333763,0.0006679805932229886,0.00029873000281944756,0.05,Across_DV
ecadGFPnbG4,0hAPF,-5.90785822725708,6.070286460860301,-0.44950248341278626,0.3302868074848413,0.08513670401598293,0.14770875072149828,0.038074291512003436,0.011583450694360158,0.0006123274426004245,0.00027384115722862995,0.05,Across_DV
ecadGFPnbG4,0hAPF,-3.8658769062136003,4.039010761138137,-0.25562086267688416,0.3283793006634509,0.054124836602507685,0.1468556877374636,0.024205362782855188,0.010534283902141704,0.0005108019148453145,0.00022843756092623643,0.05,Across_DV
ecadGFPnbG4,0hAPF,-1.8238955851701135,2.002526191423811,-0.10541289134842673,0.3269781439493779,0.0260995280132832,0.1462290714055041,0.011672063763672254,0.009663434429834193,0.0003738776865469746,0.00016720318447787877,0.05,Across_DV
ecadGFPnbG4,0hAPF,0.2180857358733661,-0.03780397136369745,0.004532984005520248,0.3260481197850912,0.012377047205574972,0.1458131519550916,0.005535183782477891,0.009094838819613186,0.00021472669551162265,9.602869754957744e-05,0.05,Across_DV
ecadGFPnbG4,0hAPF,2.2600670569168457,-2.0806676924998855,0.07643085390940105,0.32556270114102115,0.033744421242551254,0.1455960661379543,0.015090963951946503,0.008907006886613816,9.426126778992868e-05,4.215492048471838e-05,0.05,Across_DV
ecadGFPnbG4,0hAPF,4.302048377960325,-4.124812835812879,0.11101130459751248,0.3255046978708434,0.05993191523503294,0.14557012628694738,0.026802367297457788,0.0090514570877652,0.00021553098545665098,9.638838694771802e-05,0.05,Across_DV
ecadGFPnbG4,0hAPF,6.344029699003805,-6.169036555195522,0.107672776757741,0.3258662297708681,0.08739796166847545,0.14573180826784535,0.03908555667712641,0.009456867263900371,0.000398771943227201,0.00017833623451514165,0.05,Across_DV
ecadGFPnbG4,0hAPF,8.386011020047285,-8.212168519093249,0.06477294393327489,0.32664916829988605,0.1165319904461349,0.1460819490224629,0.05211469043818273,0.010051724932858889,0.0005715152577046062,0.000255589393281162,0.05,Across_DV
ecadGFPnbG4,0hAPF,10.427992341090764,-10.253053967318404,-0.020076102119240845,0.3278662972219717,0.14794882215231517,0.14662626562389583,0.06616472470472069,0.010763900989337475,0.0007147024322700234,0.0003196246444480423,0.05,Across_DV
ecadGFPnbG4,0hAPF,12.469973662134244,-12.290536767864584,-0.14971266607154915,0.3295428757477757,0.1821927270305807,0.14737605433455864,0.08147906452928837,0.011520468810998977,0.0008126731338354014,0.00036343847414874837,0.05,Across_DV
ecadGFPnbG4,0hAPF,14.511954983177723,-14.323442473720936,-0.32713026366562703,0.33171817778045537,0.21963766321980963,0.1483488789778917,0.09822494907573992,0.012248069236166942,0.0008504223968827282,0.0003803204578036171,0.05,Across_DV
ecadGFPnbG4,0hAPF,16.553936304221203,-16.3505613796865,-0.5551824363555297,0.33444646865141076,0.2604185042541711,0.14956900774786136,0.11646269562222895,0.012873964800423512,0.0008139226796383016,0.00036399728802000527,0.05,Across_DV
ecadGFPnbG4,0hAPF,18.595917625264683,-18.37063160131934,-0.8362880068851506,0.3377967567734428,0.30437127639698847,0.15106730214487613,0.1361189728844087,0.013330943204985391,0.0006958055517236098,0.0003111737025551475,0.05,Across_DV
ecadGFPnbG4,0hAPF,20.637898946308162,-20.3823241831995,-1.172164581362224,0.3418493827932744,0.35101029180695437,0.1528796915984217,0.1569765746564775,0.013596711630059655,0.000518979087234849,0.00023209450359158317,0.05,Across_DV
ecadGFPnbG4,0hAPF,22.679880267351642,-22.384244738449144,-1.563728259935313,0.34668753288012033,0.3996050132178755,0.1550433780943285,0.1787087947409743,0.013698172290452277,0.00030813167308701755,0.00013780067340866275,0.05,Across_DV
ecadGFPnbG4,0hAPF,24.721861588395136,-24.374958084636237,-2.0111763866881094,0.35238881523919036,0.44927250779108574,0.15759306907708867,0.2009207735685343,0.013666786437118056,9.345834140459241e-05,4.1795840889010355e-05,0.05,Across_DV
ecadGFPnbG4,0hAPF,26.763842909438615,-26.35301844262782,-2.5141072592675355,0.35901753265821923,0.4990583121228593,0.16055752162760578,0.22318566212860413,0.0135331494158598,0.00015382494715933886,6.879260769671897e-05,0.05,Across_DV
ecadGFPnbG4,0hAPF,28.805824230482095,-28.316999747744326,-3.0716404577783685,0.3666174060253626,0.548017270724828,0.16395628832147033,0.24508077403692416,0.013326381989142887,0.0003439956795981182,0.00015383954470952598,0.05,Across_DV
ecadGFPnbG4,0hAPF,30.847805551525575,-30.265525960913767,-3.682537173677828,0.3752055662385164,0.5952944993331588,0.16779703032912455,0.26622379342812924,0.01307372519275971,0.00049557839358687,0.00022162939524807742,0.05,Across_DV
ecadGFPnbG4,0hAPF,32.889786872569054,-32.19730137982596,-4.345320538670178,0.3847684722513103,0.640206326210949,0.17207369191053426,0.28630897300661745,0.012800321253026884,0.0005890515894719098,0.0002634318792626979,0.05,Across_DV
ecadGFPnbG4,0hAPF,34.931768193612534,-34.111140941979485,-5.0583959191531305,0.39526012054437587,0.6823210902890445,0.17676569966639713,0.305143268073615,0.012528665294363781,0.0006099700375542588,0.0002727868936418844,0.05,Across_DV
ecadGFPnbG4,0hAPF,36.973749514656014,-36.00599913821189,-5.820165387469531,0.40660489331256355,0.721529826941603,0.18183923628618834,0.32267794816701667,0.012270985147401464,0.0005581539168808584,0.00024961402001067335,0.05,Across_DV
ecadGFPnbG4,0hAPF,39.01573083569949,-37.88098644376559,-6.629102607706157,0.41871654091718946,0.7580522703850033,0.18725572975888155,0.3390112814157836,0.012030801547702873,0.0004486746206286426,0.00020065339030091484,0.05,Across_DV
ecadGFPnbG4,0hAPF,41.05771215674297,-39.735349445009504,-7.483781406676583,0.43152415628555657,0.792372323077547,0.19298346947754952,0.35435967557816406,0.011815425642335139,0.0003056925050235147,0.00013670984428895496,0.05,Across_DV
ecadGFPnbG4,0hAPF,43.09969347778645,-41.56841586102057,-8.382896585296544,0.44498713686716745,0.8251469720866466,0.19900429742959783,0.36901694420277265,0.011634487139514847,0.00016326614715445322,7.301484069236825e-05,0.05,Across_DV
ecadGFPnbG4,0hAPF,45.14167479882993,-43.379532266354026,-9.32528693317943,0.4591052197561084,0.8571097594066042,0.20531809603992757,0.38331113724233135,0.01149891175039684,0.00011986209754891122,5.360395960901528e-05,0.05,Across_DV
ecadGFPnbG4,0hAPF,47.18365611987341,-45.168001665703834,-10.309958356793002,0.47392693987729145,0.8889739160162146,0.2119465707868159,0.39756122128728894,0.011420839136863783,0.000210831270210396,9.428661039461437e-05,0.05,Across_DV
ecadGFPnbG4,0hAPF,49.22563744091689,-46.93302106856317,-11.336107007616132,0.489556751124296,0.9213353865028292,0.21893643487157446,0.41203371085927365,0.011413588446140287,0.0002954364697210808,0.000132123205865779,0.05,Across_DV
ecadGFPnbG4,0hAPF,51.26761876196037,-48.673619064734744,-12.40314241135485,0.5061609684838411,0.9545757916288242,0.22636206661739944,0.4268992719515451,0.011491646261429823,0.00033141734334054125,0.00014821434172636747,0.05,Across_DV
ecadGFPnbG4,0hAPF,53.30960008300385,-50.388595171838695,-13.510712806060639,0.5239693993625452,0.9887692254632467,0.23432623902087718,0.4421910404391271,0.011672573839945386,0.00030824089546120843,0.00013784951913933368,0.05,Across_DV
ecadGFPnbG4,0hAPF,55.351581404047344,-52.076480978745224,-14.658756690217439,0.5432364368603672,1.0236356351606826,0.24294272013491067,0.457783772882092,0.01197252796838828,0.00023441188384952006,0.00010483218140426238,0.05,Across_DV
ecadGFPnbG4,0hAPF,57.393562725090824,-53.73555267244217,-15.847569308523592,0.5641448960422715,1.0585749716241557,0.2522932673420142,0.4734091191663046,0.012362290609740154,0.00015702848107497245,7.022527161743552e-05,0.05,Across_DV
ecadGFPnbG4,0hAPF,59.435544046134304,-55.36393690074037,-17.07773647994342,0.5867220713914394,1.0928053760471326,0.2623900871061486,0.48871742140372176,0.012761486087131919,0.0001723224147345712,7.706492667868251e-05,0.05,Across_DV
ecadGFPnbG4,0hAPF,61.47752536717778,-56.959795551139294,-18.34990150800934,0.6107955827988635,1.1256406299475574,0.273156088698972,0.5034017933596847,0.01308265471188915,0.0002131536738727998,9.532522088668023e-05,0.05,Across_DV
ecadGFPnbG4,0hAPF,63.51950668822126,-58.52152629975312,-19.664490919339425,0.6359642362671312,1.1568082709415817,0.2844118527104085,0.5173403861518743,0.013239533259922748,0.0001818871426456836,8.134240303778989e-05,0.05,Across_DV
ecadGFPnbG4,0hAPF,65.56148800926474,-60.04796354602945,-21.02143908363069,0.661572877065402,1.1867680219665793,0.2958643850376701,0.5307387941280469,0.013148571315568684,0.00013378009214954096,5.982827601651191e-05,0.05,Across_DV
ecadGFPnbG4,0hAPF,67.60346933030823,-61.5385793474678,-22.419912833652326,0.6866903304981673,1.2170307987865814,0.3070972516971398,0.5442727193595329,0.012729249077846458,0.0004159551149184052,0.0001860207825092582,0.05,Across_DV
ecadGFPnbG4,2hAPF,-61.50330160033256,52.1151137670582,-28.736555559581,0.781341987175982,1.2995903646612117,0.3494267594000529,0.5811944796572419,0.01695432313571609,0.0036008982916661634,0.0016103706720456811,0.05,Across_DV
ecadGFPnbG4,2hAPF,-59.46891678238201,50.824077862713374,-27.16453322743074,0.7521929495659805,1.2558416219550659,0.3363909134851206,0.5616294471330239,0.013938664853613877,0.0023656149341329084,0.0010579351602619741,0.05,Across_DV
ecadGFPnbG4,2hAPF,-57.434531964431464,49.495106206655066,-25.637778401286063,0.72253104489077,1.2285431727796852,0.32312570644594274,0.549421209525729,0.011833181758193138,0.0011163344068410067,0.0004992399238636794,0.05,Across_DV
ecadGFPnbG4,2hAPF,-55.40014714648091,48.12811692039644,-24.142024495746405,0.693607634066406,1.2070816460899148,0.3101907638970565,0.5398233230098785,0.010778459842924824,0.0002287471915416711,0.0001022988539898683,0.05,Across_DV
ecadGFPnbG4,2hAPF,-53.365762328530366,46.723794516100604,-22.67180324186053,0.666197710239132,1.184806061338506,0.2979326733098813,0.529861378661337,0.010626446888816584,0.0004431204664922889,0.00019816949705963514,0.05,Across_DV
ecadGFPnbG4,2hAPF,-51.33137751057981,45.28335409825471,-21.22790121719669,0.6406751749528424,1.1583279757165577,0.28651864853822523,0.5180200187883897,0.011090390364781696,0.0006236631421682293,0.00027891063618985524,0.05,Across_DV
ecadGFPnbG4,2hAPF,-49.29699269262926,43.808305565647274,-19.8148163796767,0.61709626858,1.126883918901201,0.2759738410412695,0.5039578090828891,0.011822270055887268,0.0005082575310166413,0.00022729967788588353,0.05,Across_DV
ecadGFPnbG4,2hAPF,-47.26260787467871,42.300219421455225,-18.438233762461103,0.5952896970850768,1.091687891738962,0.266221645797498,0.48821766722835,0.012470731192339683,0.0002057779669473571,9.202670447319907e-05,0.05,Across_DV
ecadGFPnbG4,2hAPF,-45.22822305672816,40.76052103728546,-17.1028252123659,0.5749727972424756,1.054966549572637,0.2571356519694758,0.4717953837665636,0.012803318023198057,0.0001813280389347854,8.109236425698174e-05,0.05,Across_DV
ecadGFPnbG4,2hAPF,-43.193838238777616,39.190374167034136,-15.811026451158975,0.5558729775713368,1.0186503718794941,0.248593952940945,0.45555429536559783,0.012781937285790251,0.0003614354349248677,0.00016163884039384116,0.05,Across_DV
ecadGFPnbG4,2hAPF,-41.15945342082706,37.59067311137878,-14.563054479900444,0.5377782650401225,0.9837873834012856,0.2405017514903225,0.43996309293838454,0.012481545379404014,0.000429884644991199,0.0001922502577367371,0.05,Across_DV
ecadGFPnbG4,2hAPF,-39.12506860287651,35.962089905960354,-13.35756847647528,0.520543100514362,0.9506183644898222,0.23279395159372385,0.4251294567317829,0.012006445087782435,0.0003872594512671223,0.0001731876915925105,0.05,Across_DV
ecadGFPnbG4,2hAPF,-37.09068378492596,34.30512803956393,-12.192404138091002,0.5040873791744875,0.9187386381115173,0.2254347292867732,0.4108724096745863,0.011485378558805697,0.00027163803480384073,0.00012148022221916831,0.05,Across_DV
ecadGFPnbG4,2hAPF,-35.05629896697541,32.62017620904352,-11.065308423281873,0.4883933536302739,0.8872583198418862,0.21841614769527723,0.39679398335374155,0.01106576686492075,0.0002319730208578844,0.00010374148871684122,0.05,Across_DV
ecadGFPnbG4,2hAPF,-33.02191414902486,30.907562074246442,-9.974674293904178,0.47349972755801867,0.8549595398407979,0.21175551562947204,0.38234952981919273,0.010906698527927411,0.00042467313710570014,0.00018991960055728674,0.05,Across_DV
ecadGFPnbG4,2hAPF,-30.98752933107431,29.16760581593288,-8.920270670520138,0.4594918415252121,0.8204561829883051,0.20549099855138697,0.3669191595443714,0.011155199307381103,0.0006826849325737346,0.0003053059832899462,0.05,Across_DV
ecadGFPnbG4,2hAPF,-28.95314451312376,27.400668482352664,-7.903838774097592,0.44648465688978706,0.7824580331354708,0.19967400874324673,0.3499258703263391,0.011845285430433668,0.0008641065404665111,0.0003864401928570583,0.05,Across_DV
ecadGFPnbG4,2hAPF,-26.918759695173208,25.607184637350258,-6.929158308998541,0.434600080198617,0.7401294800648374,0.19435906447019358,0.33099596591531033,0.012883699113224924,0.0009460790016258212,0.000423099391944094,0.05,Across_DV
ecadGFPnbG4,2hAPF,-24.884374877222662,23.787685021758364,-6.001553746884751,0.423946988659861,0.6931591808846874,0.18959485709995633,0.30999020953724676,0.014150014795106605,0.0009391658765063087,0.00042000774840325573,0.05,Across_DV
ecadGFPnbG4,2hAPF,-22.84999005927211,21.942817570665348,-5.127247709311871,0.414604159930448,0.6416848291602063,0.18541661707173523,0.2869701796265121,0.01551585486876993,0.0008551900750705014,0.00038245262830815787,0.05,Across_DV
ecadGFPnbG4,2hAPF,-20.815605241321563,20.07336837654534,-4.312708514626584,0.40660706989928236,0.5862114526094,0.18184020968536077,0.26216173144470295,0.01684005077981182,0.0007072253222612007,0.000316280779197048,0.05,Across_DV
ecadGFPnbG4,2hAPF,-18.78122042337101,18.1802826523875,-3.5639977248018098,0.39994040344079185,0.5275303158264893,0.17885878580846026,0.23591872927599267,0.017964816290347248,0.0005160367411902527,0.00023077864643777416,0.05,Across_DV
ecadGFPnbG4,2hAPF,-16.746835605420458,16.264685694825438,-2.8861176922719673,0.39453759508036346,0.4666393238464699,0.17644257645579586,0.20868744981904905,0.01871567249250962,0.0003353531105250598,0.00014997447032000677,0.05,Across_DV
ecadGFPnbG4,2hAPF,-14.712450787469912,14.327903770693135,-2.2823617146321142,0.3902876481459345,0.4046634555379951,0.17454194240656584,0.18097099891858415,0.01892443082283172,0.00031381775981731457,0.00014034356869964347,0.05,Across_DV
ecadGFPnbG4,2hAPF,-12.67806596951936,12.371480526213542,-1.7537936554720162,0.38704734572988775,0.34271691222659406,0.1730928351125784,0.15326766255549862,0.01858126910988938,0.00043893587281078827,0.00019629808987362484,0.05,Across_DV
ecadGFPnbG4,2hAPF,-10.643681151568806,10.397170392705664,-1.2993071534146439,0.3846564282337755,0.28172827830898045,0.17202358430259826,0.12599271629657194,0.017807880659440303,0.0005658562224098404,0.0002530585957599286,0.05,Across_DV
ecadGFPnbG4,2hAPF,-8.60929633361826,8.406911448691718,-0.9161441908587701,0.38295297177419363,0.22241218989537556,0.17126177541453103,0.09946575512613032,0.01674965893644107,0.0006511464196832895,0.00029120153154348847,0.05,Across_DV
ecadGFPnbG4,2hAPF,-6.574911515667708,6.4027953045490005,-0.6004733087821315,0.3817853998673845,0.16528820180478493,0.1707396213840822,0.0739191310228405,0.01556187337625814,0.0006872725858963525,0.0003073576442272615,0.05,Across_DV
ecadGFPnbG4,2hAPF,-4.540526697717155,4.387036964945077,-0.34796822784754894,0.38102058747245016,0.11073319422294846,0.17039758688306067,0.04952138992963995,0.014401363442039234,0.0006766270730955466,0.0003025968261716722,0.05,Across_DV
ecadGFPnbG4,2hAPF,-2.5061418797666093,2.3619446912728916,-0.15438646950904056,0.38054842779725906,0.05928290406048389,0.17018643065706834,0.026512120676568055,0.013421188974678278,0.0006250314498438505,0.00027952256198522,0.05,Across_DV
ecadGFPnbG4,2hAPF,-0.4717570618160565,0.329889864085912,-0.016147977117934625,0.38028354623812344,0.01766764401314225,0.1700679720226257,0.007901210603130652,0.012768826896351004,0.0005402312997108668,0.0002415987819453121,0.05,Across_DV
ecadGFPnbG4,2hAPF,1.5626277561344892,-1.7067231132312155,0.06908845620886371,0.38016499726253,0.044825799460013735,0.1700149553090077,0.020046706947672816,0.01256922011708595,0.0004373382870420828,0.00019558362779788251,0.05,Across_DV
ecadGFPnbG4,2hAPF,3.597012574085042,-3.745484493169048,0.10197734858785143,0.38015528056374,0.09042352106106812,0.17001060986920544,0.040438627971486445,0.012798173875696778,0.00036500849143726317,0.00016323675984367407,0.05,Across_DV
ecadGFPnbG4,2hAPF,5.631397392035595,-5.783997169110675,0.08155427962648755,0.3802409506805479,0.13663926325887882,0.17004892271017,0.06110693620846849,0.01335840627639813,0.00039036610492381357,0.0001745770293442925,0.05,Across_DV
ecadGFPnbG4,2hAPF,7.665782209986148,-7.819888742751518,0.005618386675932252,0.3804345454663402,0.18348455497812036,0.17013550093039423,0.08205678755047491,0.014150340803698369,0.0005048431958169215,0.00022577274076497478,0.05,Across_DV
ecadGFPnbG4,2hAPF,9.700167027936686,-9.85082315459574,-0.12886189977847276,0.3807765762729581,0.23163274392220215,0.17028846175719356,0.10358931224496905,0.015071441506791267,0.0006427162757703482,0.0002874314565735999,0.05,Across_DV
ecadGFPnbG4,2hAPF,11.734551845887239,-11.874512314349328,-0.32534311522625503,0.38133701696471217,0.28176339601308414,0.17053909845401738,0.12600842141128987,0.016015662091927084,0.000754414596028773,0.00033738446398767584,0.05,Across_DV
ecadGFPnbG4,2hAPF,13.768936663837792,-13.888727731313034,-0.587301020240852,0.3822156538972092,0.3343992186297613,0.17093203683573843,0.14954787689579205,0.016874399148551777,0.0008064759194532769,0.00036066699562283444,0.05,Across_DV
ecadGFPnbG4,2hAPF,15.803321481788345,-15.891312144775446,-0.9178248595886606,0.3835405093571831,0.3898045241421356,0.1715245302095111,0.17432588278375463,0.017539386110901972,0.0007735116844977241,0.00034592494158545626,0.05,Across_DV
ecadGFPnbG4,2hAPF,17.837706299738898,-17.880191154336465,-1.3192116285950144,0.38546346713400764,0.44789965137237164,0.1723845030708794,0.20030681351341598,0.017907627848926758,0.0006371877873148167,0.00028495904137372166,0.05,Across_DV
ecadGFPnbG4,2hAPF,19.872091117689436,-19.853384788459348,-1.7925722336009577,0.38815239940162927,0.5081937407481456,0.17358703013833834,0.22727115001055168,0.017921562966209167,0.000413873466107731,0.00018508984086006836,0.05,Across_DV
ecadGFPnbG4,2hAPF,21.90647593563999,-21.809019087597015,-2.337609859972969,0.3917796878394776,0.5698336006677425,0.1752092028425439,0.2548373333913083,0.017629214107490614,0.00015354759036870076,6.866856996914137e-05,0.05,Across_DV
ecadGFPnbG4,2hAPF,23.94086075359054,-23.745339925137465,-2.9527508496489974,0.39650640712570445,0.6317440731922481,0.1773230559694564,0.2825245384080939,0.017106130886007653,0.00017026136913051636,7.614319906360377e-05,0.05,Across_DV
ecadGFPnbG4,2hAPF,25.975245571541095,-25.660728710728854,-3.6354113193010944,0.40246521942649377,0.6927426285627054,0.1799879178434018,0.3098039216756193,0.01642594536811922,0.0004353200541427004,0.0001946810466063934,0.05,Across_DV
ecadGFPnbG4,2hAPF,28.009630389491647,-27.553718258737025,-4.382270772380698,0.4097459459176219,0.7516487199361407,0.183243957715351,0.3361475265955824,0.015657683724255585,0.0006712831550820761,0.00030020695338281114,0.05,Across_DV
ecadGFPnbG4,2hAPF,30.0440152074422,-29.42300865679325,-5.189545712950482,0.4183858692208757,0.8073925950291054,0.187107848880643,0.36107694540300767,0.014864441213240046,0.0008499740574123846,0.00038011995429708016,0.05,Across_DV
ecadGFPnbG4,2hAPF,32.07840002539274,-31.26748313434188,-6.053263259516182,0.42836594849429044,0.8591237022034122,0.19157107601588141,0.38421179984162307,0.01410317954674877,0.0009518528800391551,0.0004256815488693007,0.05,Across_DV
ecadGFPnbG4,2hAPF,34.11278484334329,-33.08622393118813,-6.969534758858472,0.4396131164628262,0.9063188318537699,0.19660096244228226,0.40531810346264624,0.01342523147914825,0.0009597498077358081,0.0004292131622979241,0.05,Across_DV
ecadGFPnbG4,2hAPF,36.147169661293844,-34.8785280398197,-7.934828524495638,0.4520080058791075,0.9488891491615609,0.20214412550396177,0.4243561281274375,0.012872162743794264,0.0008633268487383082,0.00038609150411590714,0.05,Across_DV
ecadGFPnbG4,2hAPF,38.1815544792444,-36.64391694779457,-8.946201539667445,0.4654024427386001,0.9872414569796883,0.20813429977159262,0.44150780160250347,0.012446963863297624,0.0006879346751985222,0.00030765373956462684,0.05,Across_DV
ecadGFPnbG4,2hAPF,40.21593929719495,-38.38211571149306,-10.001363822015787,0.4796541391676953,1.0221813278960936,0.2145078521736222,0.4571333869013335,0.012127407938901628,0.00047091242520335693,0.00021059843884079825,0.05,Across_DV
ecadGFPnbG4,2hAPF,42.25032411514549,-40.092987136355305,-11.098594653764533,0.4946550836998047,1.05475543081917,0.22121647851372228,0.47170096858974814,0.011890868320157648,0.0002583981185882074,0.00011555915168425674,0.05,Across_DV
ecadGFPnbG4,2hAPF,44.28470893309604,-41.77644711027245,-12.236620557531785,0.5103480646755855,1.0861065622058839,0.22823459296001364,0.48572162078019204,0.011718748136989534,0.00016944764694467007,7.577929143913336e-05,0.05,Across_DV
ecadGFPnbG4,2hAPF,46.319093751046594,-43.432378665524446,-13.414491320671221,0.5267381523715262,1.117329865204624,0.23556446300907494,0.4996851063776432,0.011596702751226155,0.0002751093865691314,0.0001230326579233691,0.05,Across_DV
ecadGFPnbG4,2hAPF,48.35347856899715,-45.06054603969114,-14.631456018632838,0.5439005002407302,1.149328855558146,0.2432396983068827,0.5139954899060103,0.011514985949833838,0.0003791270626715899,0.0001695507768486996,0.05,Across_DV
ecadGFPnbG4,2hAPF,50.3878633869477,-46.6605087365631,-15.886839038323677,0.5619852160724693,1.1826712426493933,0.25132742909758976,0.5289066587196384,0.011468729434488645,0.0004100537267152772,0.00018338160147249628,0.05,Across_DV
ecadGFPnbG4,2hAPF,52.42224820489825,-48.23153559874682,-17.179916126596407,0.5812198189761246,1.2174445659293909,0.2599294050201474,0.5444577616511684,0.01145831574398975,0.0003441637542088953,0.00015391470996052383,0.05,Across_DV
ecadGFPnbG4,2hAPF,54.45663302284879,-49.77252495423558,-18.50980506080672,0.601901691692971,1.2531281572078394,0.2691786196795207,0.5604159488071544,0.011504527114658433,0.00018885356867213553,8.445788346886395e-05,0.05,Across_DV
ecadGFPnbG4,2hAPF,56.491017840799344,-51.28198528817418,-19.875503170536568,0.6243202575871524,1.288637612635691,0.2792045071390103,0.5762962600432894,0.011643125195810188,8.392229575119568e-05,3.753119162550306e-05,0.05,Across_DV
ecadGFPnbG4,2hAPF,58.5254026587499,-52.758134462313045,-21.276106870434553,0.6486182244875749,1.3226340406022161,0.2900708882798872,0.5914999248283545,0.011867488562337127,0.0002577822957476702,0.00011528374733754909,0.05,Across_DV
ecadGFPnbG4,2hAPF,60.55978747670045,-54.199129040264836,-22.711009800104073,0.6747136419854313,1.3539736313953772,0.3017411137651761,0.6055154159084614,0.01214442119540603,0.0003712214237187249,0.00016601526762786433,0.05,Across_DV
ecadGFPnbG4,2hAPF,62.594172294651,-55.60335146814704,-24.180059736578478,0.7022674459329525,1.382215093332024,0.314063549498248,0.6181453816433244,0.012429213754386065,0.0003404552142361848,0.00015225620046527266,0.05,Across_DV
ecadGFPnbG4,2hAPF,64.62855711260154,-56.969701544763964,-25.683711254406642,0.7306601858788226,1.4081326550877895,0.32676116881553585,0.6297360676227125,0.012664029075658435,0.00018306251685750705,8.186804636511739e-05,0.05,Across_DV
ecadGFPnbG4,2hAPF,66.6629419305521,-58.29788789891586,-27.223178376856275,0.7589737035973969,1.4342295249878612,0.33942335887571123,0.6414069426420181,0.012774312606354043,0.00046761777828774944,0.00020912502794776658,0.05,Across_DV
ecadGFPnbG4,2hAPF,68.69732674850263,-59.58871946670813,-28.800587227117234,0.7859767593217757,1.4652535599484784,0.35149949251569634,0.6552813128636722,0.012664835135606196,0.0011598461868235455,0.0005186989834362737,0.05,Across_DV
ecadGFPnbG4,4hAPF,-63.492016320147876,49.66480075085407,-32.67025997401949,1.5866162090317781,0.31549666336870724,0.7095563395196143,0.14109439719335942,0.008943857408322072,0.001749559949943255,0.0007824269957568495,0.05,Across_DV
ecadGFPnbG4,4hAPF,-61.44365897548402,48.45735127610262,-31.01404310003365,1.5774239518093371,0.31604837682479364,0.7054454371164061,0.14134113095174153,0.011092014031375877,0.0007962566880881536,0.0003560968164207917,0.05,Across_DV
ecadGFPnbG4,4hAPF,-59.395301630820164,47.202702511690866,-29.37267555754381,1.5712665581691603,0.30988992064379356,0.702691766967674,0.13858698562030755,0.012564335561094426,0.00038764535865150925,0.00017336027462141218,0.05,Across_DV
ecadGFPnbG4,4hAPF,-57.34694428615631,45.90769223655212,-27.766244750977375,1.567070977483877,0.30079794809614996,0.7008154462441982,0.13452093188708894,0.013408775625851795,0.00036888032192152766,0.00016496829507570834,0.05,Across_DV
ecadGFPnbG4,4hAPF,-55.29858694149245,44.575934955072896,-26.20411622388773,1.5639063905633852,0.29131199890841525,0.699400199949213,0.1302786864441122,0.013622352506158161,0.0003656524074402943,0.00016352472783458957,0.05,Across_DV
ecadGFPnbG4,4hAPF,-53.250229596828596,43.2086636295409,-24.687788119926072,1.5610095720359534,0.28287917633039983,0.6981047033200493,0.1265074135387847,0.013269521573498515,0.000281171312787226,0.00012574363374301864,0.05,Across_DV
ecadGFPnbG4,4hAPF,-51.20187225216475,41.805571412592975,-23.21374564381332,1.5578317528287806,0.2759697506224686,0.6966835393665607,0.12341742442510092,0.012543011913054212,0.0001977929595492848,8.845570060461339e-05,0.05,Across_DV
ecadGFPnbG4,4hAPF,-49.15351490750089,40.36565337695185,-21.77631551372649,1.5540878018582394,0.27025143904898874,0.6950091935916494,0.12086011774613598,0.011766499877191593,0.000190765104037406,8.531274807249188e-05,0.05,Across_DV
ecadGFPnbG4,4hAPF,-47.105157562837036,38.888038151759815,-20.370484525344743,1.549791184397132,0.2648616589616745,0.6930876878483796,0.11844973481433411,0.011282365510163511,0.00020382920794558736,9.115519295325471e-05,0.05,Across_DV
ecadGFPnbG4,4hAPF,-45.05680021817318,37.372633344020606,-18.994027801665926,1.5451514627502847,0.25886618254936167,0.6910127412485741,0.11576847625124849,0.011179474611102844,0.00020481520256394843,9.159614315167558e-05,0.05,Across_DV
ecadGFPnbG4,4hAPF,-43.008442873509324,35.8202636832626,-17.64779191847276,1.540390274249531,0.2517002609217712,0.688883473020299,0.11256377867510287,0.011399151595633514,0.0001815939284584408,8.121127366686144e-05,0.05,Across_DV
ecadGFPnbG4,4hAPF,-40.96008552884547,34.232489229613726,-16.334916296363822,1.5356953026459441,0.24319110710440395,0.6867838178886887,0.10875836940177584,0.011855227959865027,0.0001551222916050635,6.937279777089339e-05,0.05,Across_DV
ecadGFPnbG4,4hAPF,-38.91172818418161,32.611379164688046,-15.05992763955013,1.5312125054059522,0.233467947348123,0.6847790500170946,0.10441004016754896,0.012444036059421633,0.00016469656802738976,7.365454435403239e-05,0.05,Across_DV
ecadGFPnbG4,4hAPF,-36.863370839517756,30.959285028893333,-13.827832957291799,1.5270383601120074,0.22288089761081345,0.6829123154920503,0.09967536758878986,0.013040752728853749,0.00021813371540341323,9.755236316532499e-05,0.05,Across_DV
ecadGFPnbG4,4hAPF,-34.8150134948539,29.278613958738532,-12.643212585334627,1.5232115899570633,0.21192957950505537,0.6812009318519059,0.09477778924325,0.013491911454189584,0.00028076027828096795,0.00012555981352360042,0.05,Across_DV
ecadGFPnbG4,4hAPF,-32.766656150190045,27.571601924260058,-11.509313207915381,1.5197045822015953,0.20119262206587524,0.6796325503041368,0.08997607590214424,0.013608988138165018,0.00031954143619057575,0.00014290327459000777,0.05,Across_DV
ecadGFPnbG4,4hAPF,-30.71829880552619,25.84008979431125,-10.427155874081084,1.5164174294225774,0.19123650268868647,0.6781624908908745,0.08552356395824484,0.01321948879162502,0.0003257409318330644,0.00014567577332657143,0.05,Across_DV
ecadGFPnbG4,4hAPF,-28.669941460862333,24.085365705147105,-9.395005164914542,1.5132043006707852,0.18244163559601947,0.6767255360289812,0.08159037982378897,0.01236892849320358,0.00030173231093443573,0.00013493879165150027,0.05,Across_DV
ecadGFPnbG4,4hAPF,-26.621584116198477,22.308193208295613,-8.4088616346642,1.50991785248921,0.17486227140480817,0.6752557917212747,0.07820078511223374,0.011229543015514175,0.0002517788106267437,0.00011259890717108907,0.05,Across_DV
ecadGFPnbG4,4hAPF,-24.57322677153462,20.50893581962215,-7.463486417970486,1.5064257431339052,0.16826715789509383,0.6736940729406098,0.07525136068682405,0.010013720897444098,0.00021163274046432547,9.464503878856043e-05,0.05,Across_DV
ecadGFPnbG4,4hAPF,-22.524869426870765,18.68768926805793,-6.553467993821452,1.502621541385921,0.16223104630048757,0.6719927821988866,0.0725519295177612,0.008956124117601338,0.000241877746495438,0.00010817101668165217,0.05,Across_DV
ecadGFPnbG4,4hAPF,-20.47651208220691,16.84441376468745,-5.674289058887966,1.4984353455743329,0.15624807340140404,0.6701206585185193,0.06987626269578325,0.0082967569974445,0.00034206859932680596,0.0001529777282125754,0.05,Across_DV
ecadGFPnbG4,4hAPF,-18.428154737543053,14.979066271835825,-4.823393400858903,1.4938441735324712,0.14986910337594253,0.6680674239621195,0.06702350057511014,0.008270528410180968,0.000465901361568701,0.00020835742305546468,0.05,Across_DV
ecadGFPnbG4,4hAPF,-16.379797392879198,13.091732772154213,-4.001252771751887,1.4888821692785215,0.1428730647209566,0.6658483481988245,0.06389477697395719,0.009108425317428741,0.0005864308074866203,0.0002622598299280351,0.05,Across_DV
ecadGFPnbG4,4hAPF,-14.331440048215349,11.182759443910117,-3.2124157643027553,1.483649890500744,0.1354935156894326,0.6635084019939566,0.06059454231840111,0.010974800181251989,0.0006751880008827049,0.0003019532535131832,0.05,Across_DV
ecadGFPnbG4,4hAPF,-12.283082703551493,9.25285611782962,-2.466062856959867,1.4783112917884313,0.12867979026326487,0.6611209080688918,0.05754735167181516,0.01371466927340168,0.0007129528507469551,0.00031884220780449064,0.05,Across_DV
ecadGFPnbG4,4hAPF,-10.234725358887637,7.303127487287784,-1.7751989664401537,1.4730728939348623,0.12420889201257088,0.658778225330138,0.055547905190007824,0.017086644439282334,0.0007113901812004788,0.00031814336073803266,0.05,Across_DV
ecadGFPnbG4,4hAPF,-8.186368014223781,5.335073863929781,-1.15523624026963,1.4681620118575176,0.12441695107799372,0.6565820120992523,0.055640952032731936,0.02084232588317497,0.0006771692970933624,0.0003028393161153018,0.05,Across_DV
ecadGFPnbG4,4hAPF,-6.138010669559925,3.3505905108830314,-0.622545644379908,1.4638060554380665,0.13134759949268512,0.6546339691670685,0.058740432229412165,0.02468785358937621,0.0006124950258870534,0.00027391610275278894,0.05,Across_DV
ecadGFPnbG4,4hAPF,-4.089653324896069,1.3519669758206,-0.19300854651671787,1.4602125374959571,0.14570735219504405,0.6530268990876841,0.06516230886592433,0.02825091449595027,0.000519355349754758,0.00023226277330596351,0.05,Across_DV
ecadGFPnbG4,4hAPF,-2.0412959802322135,-0.6581135759754286,0.11943170035157276,1.4575496372130186,0.1666391277115596,0.6518360138776933,0.07452328345486324,0.031074971468356156,0.00040918546411503965,0.00018299330263320588,0.05,Across_DV
ecadGFPnbG4,4hAPF,0.007061364431642403,-2.6765750285505727,0.30421817462544193,1.4559270218566638,0.1924060649059702,0.6511103582300645,0.0860466080825972,0.03265973324640068,0.00032463206747678945,0.00014517987411087995,0.05,Across_DV
ecadGFPnbG4,4hAPF,2.0554187090954983,-4.6999504148839915,0.3556068160627114,1.4553768839362289,0.22110329422226202,0.6508643290726459,0.09888039918602287,0.032652577078101826,0.00035087416524562495,0.0001569156970075423,0.05,Across_DV
ecadGFPnbG4,4hAPF,4.103776053759354,-6.7244208734967845,0.27352722614053276,1.4558437042681793,0.25097876544435654,0.6510730974717499,0.11224111608851128,0.031237841721531923,0.0004932082637532626,0.00022056944096338814,0.05,Across_DV
ecadGFPnbG4,4hAPF,6.15213339842321,-8.745947547127667,0.06301712379679746,1.4571966236164517,0.280513604118303,0.6516781413979122,0.1254494974843981,0.028800749029140628,0.0006669129114736386,0.0002982525210254711,0.05,Across_DV
ecadGFPnbG4,4hAPF,8.200490743087066,-10.760439852950373,-0.26690137828702676,1.4592502866844552,0.30842645481160674,0.6525965674424996,0.13793250380360395,0.02575043435190788,0.0008207492421203754,0.0003670502195725186,0.05,Across_DV
ecadGFPnbG4,4hAPF,10.248848087750922,-12.763925136913054,-0.7043667389679958,1.4617857321354728,0.33367496550475023,0.6537304531188431,0.14922398105170379,0.022456218796100415,0.0009326221353013244,0.0004170812983709535,0.05,Across_DV
ecadGFPnbG4,4hAPF,12.297205432414778,-14.752718328077654,-1.2358229539237908,1.4645713530685862,0.3554754064157848,0.6549762206720408,0.15897343461501193,0.01921742474331603,0.000991928701666087,0.0004436040011516959,0.05,Across_DV
ecadGFPnbG4,4hAPF,14.345562777078634,-16.72359159295932,-1.8471645209348182,1.467384163750391,0.37333988181082817,0.6562341478505114,0.1669626708881498,0.016266120605150536,0.0009900832059930756,0.0004427786703962888,0.05,Across_DV
ecadGFPnbG4,4hAPF,16.39392012174249,-18.67394398986578,-2.524881405166311,1.4700314443927665,0.38712593336023504,0.6574180477448855,0.1731279805693078,0.013789409967520882,0.000915069765983839,0.0004092316401789377,0.05,Across_DV
ecadGFPnbG4,4hAPF,18.442277466406345,-20.60197084246414,-3.2572027535458687,1.4723729030523416,0.3970923481249043,0.6584651798907486,0.17758509675045941,0.011944821912490914,0.0007566230145661042,0.0003383720987821245,0.05,Across_DV
ecadGFPnbG4,4hAPF,20.4906348110702,-22.506799853585033,-4.035108057043056,1.474348334460357,0.4039057526466487,0.6593486196733908,0.1806321438842244,0.010728414940673791,0.0005399199856732543,0.00024145955807522182,0.05,Across_DV
ecadGFPnbG4,4hAPF,22.538992155734057,-24.38842853313613,-4.852578633211402,1.4759965219666378,0.4085123730628451,0.6600857115341326,0.18269228716365513,0.010021219406777037,0.00029805710978140257,0.00013329519172966672,0.05,Across_DV
ecadGFPnbG4,4hAPF,24.587349500397913,-26.2474825042453,-5.70618436802769,1.477440367598141,0.41200752742275215,0.6607314189303441,0.1842553677117765,0.009717228937796916,0.00016009735345451896,7.159771306842303e-05,0.05,Across_DV
ecadGFPnbG4,4hAPF,26.63570684506177,-28.084950579725074,-6.59458679299447,1.4788644459189082,0.4155234109612394,0.661368286116448,0.1858277186303825,0.009720358197438866,0.0003344960283154024,0.00014959117150338685,0.05,Across_DV
ecadGFPnbG4,4hAPF,28.684064189725625,-29.901919743165088,-7.518041836195273,1.4804927138467427,0.4201207936996038,0.6620964696708922,0.18788373069469588,0.009941124047446164,0.000546600570243002,0.00024444720632070023,0.05,Across_DV
ecadGFPnbG4,4hAPF,30.73242153438948,-31.699310130024525,-8.477902573349823,1.4825664119194917,0.42668509639006924,0.6630238556419875,0.190819376102849,0.010297255085742621,0.0007017353625072868,0.00031382559455635006,0.05,Across_DV
ecadGFPnbG4,4hAPF,32.78077887905334,-33.47761000872463,-9.476121978869257,1.4853219940329265,0.4358261350750548,0.6642561894266321,0.1949073728797656,0.010716885678999515,0.0007675417448843947,0.0003432551034260616,0.05,Across_DV
ecadGFPnbG4,4hAPF,34.82913622371718,-35.236610791438245,-10.514755732060161,1.4889687514863237,0.4477791997844164,0.6658870689392822,0.20025294592568282,0.01114332816555168,0.0007233012235061865,0.00032347014079372034,0.05,Across_DV
ecadGFPnbG4,4hAPF,36.877493568381034,-36.97515508486311,-11.595482527245768,1.4936561310197607,0.4623221701658981,0.6679833287939034,0.20675675999923468,0.01155256638529841,0.0005742172706239476,0.000256797770193908,0.05,Across_DV
ecadGFPnbG4,4hAPF,38.92585091304489,-38.69105680651594,-12.719309551040178,1.4994098511713143,0.47881205007800853,0.6705564706703803,0.2141312584840921,0.011947836408676256,0.00036023695573853573,0.00016110286420778977,0.05,Across_DV
ecadGFPnbG4,4hAPF,40.974208257708746,-40.381353553431616,-13.886585050254974,1.5061189730224067,0.49632734850270843,0.6735568811760546,0.2219643380688569,0.012325933101048982,0.00014489407760857878,6.479860141398246e-05,0.05,Across_DV
ecadGFPnbG4,4hAPF,43.0225656023726,-42.042673734845664,-15.097104903455383,1.5135672052004396,0.5138172318559029,0.6768878318685112,0.22978605168811383,0.012672109034554657,0.00018638057522080148,8.335192717584499e-05,0.05,Across_DV
ecadGFPnbG4,4hAPF,45.07092294703646,-43.67160817948805,-16.35022244377282,1.5214670677787028,0.530253062594895,0.6804207578160918,0.23713637864792725,0.01295897009787017,0.0003673626647964025,0.00016428957817604496,0.05,Across_DV
ecadGFPnbG4,4hAPF,47.11928029170031,-45.265081742950215,-17.64495828174318,1.529494363800143,0.5447830026689863,0.6840106737319827,0.24363436539086053,0.013145524313405581,0.0004902088167041055,0.00021922804746402286,0.05,Across_DV
ecadGFPnbG4,4hAPF,49.16763763636417,-46.82072491505221,-18.98011012814514,1.5373228415471607,0.5568874871753713,0.6875116754125178,0.2490476554286345,0.013176701242257765,0.0005150813755921199,0.0002303513939536162,0.05,Across_DV
ecadGFPnbG4,4hAPF,51.215994981028025,-48.33724542475982,-20.35436261471488,1.544658942813907,0.566532780892412,0.6907924796369712,0.25336116191148544,0.012983919260236435,0.00042169755922956555,0.00018858888167661047,0.05,Across_DV
ecadGFPnbG4,4hAPF,53.26435232569188,-49.814790757884055,-21.766390856206947,1.5512897396241985,0.5743123235057447,0.6937578621195314,0.25684027913493906,0.012501485949939634,0.0002491571545056515,0.00011142646691101095,0.05,Across_DV
ecadGFPnbG4,4hAPF,55.31270967035574,-51.25509267618755,-23.21489811884921,1.5572533586015511,0.581462870314001,0.696424873604585,0.2600381008828501,0.011814493552605058,0.00032746541875617246,0.00014644698732384725,0.05,Across_DV
ecadGFPnbG4,4hAPF,57.36106701501959,-52.66080552557228,-24.698616474115106,1.562980144591238,0.5895627875150327,0.6989859701576916,0.26366049397757546,0.011163696024535933,0.0005935283707807382,0.0002654339567280861,0.05,Across_DV
ecadGFPnbG4,4hAPF,59.40942435968345,-54.03421539652252,-26.21636934930379,1.5691937267161844,0.5999823889076406,0.7017647685607232,0.26832028138004,0.010826103966672624,0.000743276265188277,0.00033240325100462957,0.05,Across_DV
ecadGFPnbG4,4hAPF,61.457781704347305,-55.37586033216951,-27.767150755095123,1.5767572247212518,0.6132842208611909,0.7051472676981262,0.2742690414747235,0.011098819816870466,0.0006800945741211876,0.0003041475397727489,0.05,Across_DV
ecadGFPnbG4,4hAPF,63.50613904901116,-56.68314974073121,-29.350204767396114,1.5865152862191003,0.6286051941822921,0.7095112054656887,0.2811207890402121,0.012301608258908626,0.0005923688764448817,0.0002649154150971859,0.05,Across_DV
ecadGFPnbG4,4hAPF,65.55449639367501,-57.948983807952004,-30.965105009187347,1.5991381290929512,0.6430290108323152,0.7151563124127346,0.2875713159451011,0.014797518091193843,0.0012747086443307349,0.0005700670360460249,0.05,Across_DV
ecadGFPnbG4,4hAPF,67.60285373833888,-59.16037290954256,-32.61183413236948,1.6149835717938663,0.6510141493727447,0.7222426098152994,0.2911423784623318,0.019035455036624543,0.0027122564575231822,0.0012129579622869211,0.05,Across_DV
ecadGFPnbG4,wL3,-64.28934965402713,57.06177168817878,-25.149476235466274,0.3387201317110555,0.45884872090766154,0.15148024797072046,0.20520338626767204,0.013007132688773881,0.0009861517480522144,0.00044102046895499943,0.05,Along_DV
ecadGFPnbG4,wL3,-62.235354581736814,55.65392474314204,-23.654170970749934,0.33558903081383423,0.4471094060012811,0.15007997708060097,0.19995340503968337,0.012963534538714305,0.000473894010320817,0.00021193184424146672,0.05,Along_DV
ecadGFPnbG4,wL3,-60.1813595094465,54.20660096252237,-22.196719175919362,0.33307899210105485,0.4344533966084913,0.14895745364301483,0.19429346557445262,0.012933329197538082,0.00016880212630553625,7.54906058331369e-05,0.05,Along_DV
ecadGFPnbG4,wL3,-58.12736443715619,52.72102530478735,-20.77818918418837,0.3310774872916776,0.4215318306447006,0.14806235348080277,0.1885147656002959,0.012912552580460129,0.00014011525698749512,6.266144786177829e-05,0.05,Along_DV
ecadGFPnbG4,wL3,-56.07336936486587,51.19837366036717,-19.39958220016064,0.32945234711921395,0.408688804209096,0.14733556870108389,0.18277118957092814,0.012897806060558455,0.0001880374150740372,8.409288848377816e-05,0.05,Along_DV
ecadGFPnbG4,wL3,-54.01937429257555,49.63978840250079,-18.061841158974016,0.3280895834636788,0.3960313006691887,0.14672612226687531,0.17711058190279275,0.01288643588438072,0.00017589624487881618,7.866319210719645e-05,0.05,Along_DV
ecadGFPnbG4,wL3,-51.965379220285236,48.04639393808211,-16.765859585444794,0.32692024791505797,0.3835022906306773,0.1462031795118307,0.17150743827541504,0.012876541084337237,0.00012062443092208067,5.39448854578e-05,0.05,Along_DV
ecadGFPnbG4,wL3,-49.91138414799492,46.41931225850607,-15.512490453212004,0.32592732414646286,0.3709531310471157,0.1457591305032199,0.16589528349754767,0.012866931915361614,5.7593216807263944e-05,2.5756469564785115e-05,0.05,Along_DV
ecadGFPnbG4,wL3,-47.8573890757046,44.75967823734036,-14.30255531022556,0.3251344739274406,0.3582143772403397,0.14540455710607803,0.16019833960543062,0.012858650393864898,4.24595516235394e-05,1.898848874487913e-05,0.05,Along_DV
ecadGFPnbG4,wL3,-45.80339400341428,43.06864905950091,-13.136858012795221,0.32457987775309943,0.3451530875910149,0.1451565341569004,0.15435715329948968,0.0128556473698442,6.323328396302103e-05,2.8278784276372465e-05,0.05,Along_DV
ecadGFPnbG4,wL3,-43.74939893112397,41.347402322872874,-12.01619766185701,0.3242919084488324,0.3316912071816301,0.1450277503689455,0.14833681735941825,0.012857636626843114,7.333395899999501e-05,3.279594347663427e-05,0.05,Along_DV
ecadGFPnbG4,wL3,-41.69540385883366,39.59713458193697,-10.941366171069854,0.3242823277619138,0.31779937374276257,0.1450234657555013,0.14212420057913577,0.012863581815860508,7.000475642902853e-05,3.1307078824724644e-05,0.05,Along_DV
ecadGFPnbG4,wL3,-39.64140878654334,37.81906127095131,-9.913141527924052,0.324545186192978,0.3034870613816786,0.145141019619565,0.1357235399082169,0.012872302841621164,5.754102207047428e-05,2.5733127368879237e-05,0.05,Along_DV
ecadGFPnbG4,wL3,-37.58741371425302,36.01441665654845,-8.932280981814356,0.3250577226766443,0.2887925369968851,0.1453702329032503,0.1291519488239316,0.012882490294673319,4.243296937350748e-05,1.8976600801265877e-05,0.05,Along_DV
ecadGFPnbG4,wL3,-35.533418641962704,34.1844537903325,-7.9995142321129835,0.3257831036869717,0.27377279497630264,0.14569463315298622,0.12243491599142511,0.012892721461370497,3.399096124888215e-05,1.5201219994612327e-05,0.05,Along_DV
ecadGFPnbG4,wL3,-33.47942356967239,32.3304444614761,-7.115536616242659,0.32667490271475574,0.25849360618330147,0.1460934578026649,0.11560185503498441,0.0129014789894203,3.728067545637889e-05,1.6672424913514238e-05,0.05,Along_DV
ecadGFPnbG4,wL3,-31.42542849738207,30.453679167045998,-6.281002284386406,0.3276831295054426,0.24301980195184897,0.14654435053080733,0.10868175940857407,0.012907114267353498,4.321408719187725e-05,1.9325927309328106e-05,0.05,Along_DV
ecadGFPnbG4,wL3,-29.37143342509175,28.555467435973622,-5.49651759543567,0.32876118002000837,0.22740714122401492,0.14702646937755687,0.10169956526915841,0.012908831032292244,4.5235533363154955e-05,2.0229945519694833e-05,0.05,Along_DV
ecadGFPnbG4,wL3,-27.31743835280144,26.637137846349766,-4.762638296833803,0.3298702789225955,0.21169959232126212,0.14752247348554792,0.09467493584786692,0.012907234026699183,4.341424869825769e-05,1.941544225627719e-05,0.05,Along_DV
ecadGFPnbG4,wL3,-25.263443280511126,24.70003647700539,-4.079871431325596,0.3309799820779073,0.19593029968566494,0.14801874782357255,0.0876226937898105,0.012903046017114544,3.972082746810127e-05,1.7763694068243057e-05,0.05,Along_DV
ecadGFPnbG4,wL3,-23.209448208220806,22.745525000162367,-3.448678023111122,0.3320674624032531,0.18012285771211137,0.1485050838099059,0.08055339082916065,0.012897014413154884,3.670757064533812e-05,1.641612465037037e-05,0.05,Along_DV
ecadGFPnbG4,wL3,-21.155453135930486,20.774978771077855,-2.869475769248001,0.3331162762417397,0.16429249595461673,0.1489741276176256,0.07347383782952643,0.012889900247370065,3.625271126727731e-05,1.621270535246092e-05,0.05,Along_DV
ecadGFPnbG4,wL3,-19.101458063640173,18.789784917688717,-2.342641731053664,0.3341147517542032,0.14844727640116168,0.14942065944157307,0.06638764022153956,0.012882467535971841,3.799739613689092e-05,1.69929521460152e-05,0.05,Along_DV
ecadGFPnbG4,wL3,-17.04746299134986,16.79134043025587,-1.868515025507613,0.3350541131754279,0.13258940264673455,0.14984075464023291,0.059295783482837795,0.012875473065024753,3.958255935630949e-05,1.7701858688825667e-05,0.05,Along_DV
ecadGFPnbG4,wL3,-14.99346791905954,14.781050250222606,-1.447399513988862,0.33592642536388084,0.11671670011502255,0.1502308645104294,0.052197295113329586,0.01286962303578495,3.836322328178803e-05,1.715655501881612e-05,0.05,Along_DV
ecadGFPnbG4,wL3,-12.93947284676922,12.760325427899968,-1.0795661882562555,0.3367226613921389,0.10082417574909487,0.15058695208749331,0.04508994215007238,0.01286514055531196,3.357171769424174e-05,1.5013728577151404e-05,0.05,Along_DV
ecadGFPnbG4,wL3,-10.885477774478908,10.730581886193571,-0.7652539666290734,0.33743213416648526,0.08490538786364145,0.15090423795781807,0.037970843783817584,0.012861912710710239,2.6129268860576038e-05,1.16853642749233e-05,0.05,Along_DV
ecadGFPnbG4,wL3,-8.831482702188595,8.693239794773614,-0.5046692707225998,0.33804315846657224,0.06895368111811469,0.1511774963319978,0.03083702365578963,0.012859815759432583,1.7608274015379836e-05,7.874659532966497e-06,0.05,Along_DV
ecadGFPnbG4,wL3,-6.777487629898275,6.649723023069292,-0.2979854812206052,0.3385439368306313,0.05296348973432933,0.15140145122473725,0.02368599267431453,0.01285872306645246,1.1159337832806593e-05,4.990607595608145e-06,0.05,Along_DV
ecadGFPnbG4,wL3,-4.723492557607955,4.60145859345195,-0.14534239352368736,0.3389235380844264,0.036932436775309656,0.15157121406630325,0.0165166878408611,0.012858506824281376,1.2220557931890328e-05,5.465199651736203e-06,0.05,Along_DV
ecadGFPnbG4,wL3,-2.669497485317642,2.54987613441825,-0.0468456733976126,0.3391729594209715,0.02086928007013277,0.15168275867901398,0.009333025775659691,0.012859039972379024,1.7757463165743795e-05,7.941378949310347e-06,0.05,Along_DV
ecadGFPnbG4,wL3,-0.615502413027329,0.4964073337733333,-0.002566312621658763,0.3392862515275611,0.004944256863185919,0.15173342444934368,0.002211138888860718,0.012860198233121336,2.2223586558884014e-05,9.938690049903057e-06,0.05,Along_DV
ecadGFPnbG4,wL3,1.438492659262991,-1.5575146088898273,-0.01254008495668392,0.3392616708071812,0.01163954232575848,0.15172243161700263,0.005205361573476393,0.012861865256836044,2.370295241084169e-05,1.0600282571616908e-05,0.05,Along_DV
ecadGFPnbG4,wL3,3.492487731553311,-3.6104555848634874,-0.0767670271667954,0.33910257354184475,0.027796798632219104,0.1516512811569373,0.012431106259703019,0.012863959331533073,2.256190075520019e-05,1.0089988758046294e-05,0.05,Along_DV
ecadGFPnbG4,wL3,5.546482803843631,-5.660981433122739,-0.19521103547993213,0.3388171264242728,0.044029888958032525,0.15152362532516284,0.01969076495038562,0.012866408956455017,2.0365914106622365e-05,9.107913673265902e-06,0.05,Along_DV
ecadGFPnbG4,wL3,7.600477876133937,-7.707658973016498,-0.3677995419500085,0.33841718778090646,0.0602831116636611,0.1513447673264836,0.02695942711503133,0.012869131436470085,1.898513240966112e-05,8.490409325967328e-06,0.05,Along_DV
ecadGFPnbG4,wL3,9.654472948424257,-9.749057052389011,-0.5944231978285176,0.3379171103280308,0.0765329655786904,0.1511211258907546,0.03422658271072065,0.012872033674360494,1.9660730326550624e-05,8.792545899491767e-06,0.05,Along_DV
ecadGFPnbG4,wL3,11.708468020714577,-11.783747595711326,-0.8749355569407082,0.33733256612689944,0.09275960557776888,0.15085970977683802,0.04148335672759197,0.01287501347044111,2.1838523993800674e-05,9.7664848356797e-06,0.05,Along_DV
ecadGFPnbG4,wL3,13.762463093004882,-13.810306652212887,-1.2091527590617708,0.3366794157294859,0.10894498580038599,0.1505676120392085,0.048721678811482476,0.012877961025707346,2.38319194962412e-05,1.0657958405579574e-05,0.05,Along_DV
ecadGFPnbG4,wL3,15.816458165295202,-15.827315444013113,-1.5968532132930287,0.3359726311426968,0.12507348444407937,0.1502515283629066,0.05593456267994479,0.012880760591340124,2.409558302985429e-05,1.0775872322448907e-05,0.05,Along_DV
ecadGFPnbG4,wL3,17.870453237585522,-17.833361416913704,-2.037777279563596,0.3352252753573142,0.14113297323070256,0.14991730069500794,0.0631165844021018,0.012883278913510396,2.1782891003642333e-05,9.741605006122575e-06,0.05,Along_DV
ecadGFPnbG4,wL3,19.924448309875842,-19.82703936178157,-2.5316269210820024,0.33444779978513756,0.1571156261014226,0.1495696030489614,0.07026424405804424,0.012885408497071519,1.7934305025413305e-05,8.020465033208048e-06,0.05,Along_DV
ecadGFPnbG4,wL3,21.978443382166162,-21.80695254052818,-3.078065534621647,0.33364857236140616,0.1730170267478042,0.14921217767917233,0.07737556661459791,0.01288715040422381,1.5756105867446292e-05,7.04634475605864e-06,0.05,Along_DV
ecadGFPnbG4,wL3,24.032438454456468,-23.7717136001513,-3.676718128281416,0.3328351819276179,0.18883399779276716,0.14884841841873261,0.08444913110553452,0.012888513876967964,1.8361073228449914e-05,8.211321575733107e-06,0.05,Along_DV
ecadGFPnbG4,wL3,26.086433526746788,-25.719945439680885,-4.3271715614072965,0.3320157095170041,0.20456236814236217,0.148481939215569,0.09148307216093184,0.012889510024995767,2.425682533462648e-05,1.0847982073312778e-05,0.05,Along_DV
ecadGFPnbG4,wL3,28.140428599037108,-27.65028207694733,-5.02897478473726,0.3311998609032323,0.22019481642749528,0.14811708062362045,0.09847411556499336,0.012890151813900052,3.0274145917365737e-05,1.3539009646395502e-05,0.05,Along_DV
ecadGFPnbG4,wL3,30.194423671327414,-29.561369515349913,-5.7816390805461655,0.33039991438553734,0.2357187584644092,0.14775933366523442,0.10541663349965458,0.012890454223609566,3.440348105273226e-05,1.538570445930707e-05,0.05,Along_DV
ecadGFPnbG4,wL3,32.248418743617734,-31.45186661062511,-6.584638302790677,0.3296314182487424,0.2511142271484268,0.14741565174477053,0.11230169640424109,0.01289043455409079,3.561563023228463e-05,1.592779405217701e-05,0.05,Along_DV
ecadGFPnbG4,wL3,34.302413815908054,-33.32044592734611,-7.437409128633543,0.3289135566032687,0.2663517123114273,0.14709461425722672,0.1191161069303638,0.01289019679068722,3.421549134769375e-05,1.5301632907399823e-05,0.05,Along_DV
ecadGFPnbG4,wL3,36.356408888198374,-35.165794400969475,-8.339351654822377,0.3282689913228975,0.2813910365429069,0.14680635590065746,0.12584189719381345,0.012889944548510857,3.333050890944718e-05,1.4905856729237253e-05,0.05,Along_DV
ecadGFPnbG4,wL3,38.41040396048869,-36.986614446224564,-9.289830339175472,0.32772285188986733,0.2961849070471891,0.14656211492116775,0.13245791721339426,0.01288948492326766,3.6343825523865034e-05,1.6253452886750822e-05,0.05,Along_DV
ecadGFPnbG4,wL3,40.464399032779,-38.7816263118325,-10.28817428308007,0.32730156257567844,0.31068580270446194,0.14637370861222362,0.13894291489825297,0.01288853750549238,4.238114271692522e-05,1.8953423215832984e-05,0.05,Along_DV
ecadGFPnbG4,wL3,42.51839410506932,-40.549570683002415,-11.333677319029636,0.3270324273382984,0.3248532702078665,0.14625334767503917,0.14527879897957932,0.012886767235239854,4.790919272969778e-05,2.142564233814859e-05,0.05,Along_DV
ecadGFPnbG4,wL3,44.57238917735964,-42.289211285229094,-12.425598096853806,0.3269442037398793,0.33866131528074583,0.1462138928823822,0.15145394446344718,0.012883788939378093,5.038039911749035e-05,2.2530799432055767e-05,0.05,Along_DV
ecadGFPnbG4,wL3,46.626384249649945,-43.99933748809076,-13.563160169948384,0.32706872353415545,0.3521058873162954,0.14626957982729136,0.1574665398634235,0.012879173374210665,5.119400232731178e-05,2.2894653848830315e-05,0.05,Along_DV
ecadGFPnbG4,wL3,48.680379321940265,-45.67876690904686,-14.745552081505343,0.3274435954165925,0.3652124332054449,0.1464372276296879,0.16332796537509522,0.012872454663206842,6.0469409400096194e-05,2.7042741995575973e-05,0.05,Along_DV
ecadGFPnbG4,wL3,50.734374394230585,-47.32634811045786,-15.971927350916868,0.32811605704365315,0.37804326412889333,0.14673796161176142,0.16906608740562265,0.012862591941130892,9.135003613861251e-05,4.0852978110599995e-05,0.05,Along_DV
ecadGFPnbG4,wL3,52.788369466520905,-48.94096393643666,-17.24140319638341,0.329146051129552,0.390696369917991,0.14719858897025992,0.17472472833980635,0.012851003512195725,0.0001301179325833147,5.81905084696053e-05,0.05,Along_DV
ecadGFPnbG4,wL3,54.842364538811225,-50.521524753588814,-18.55306558835489,0.3306009075729947,0.40327218258279784,0.14784922055126823,0.18034880273796852,0.01284504796697814,0.00014615536317808428,6.536266546847323e-05,0.05,Along_DV
ecadGFPnbG4,wL3,56.89635961110153,-52.06694532934036,-19.905987238494163,0.3325398505360104,0.41581796355567635,0.1487163422052278,0.1859594465552045,0.012852718863309359,0.00011233686066878249,5.023857136686402e-05,0.05,Along_DV
ecadGFPnbG4,wL3,58.95035468339185,-53.57611870897781,-21.299248142510567,0.33498680457622027,0.42826885124912983,0.14981065331957322,0.19152765280776,0.012882181202677817,6.965024656427538e-05,3.114853719346818e-05,0.05,Along_DV
ecadGFPnbG4,wL3,61.00434975568217,-55.04789007090038,-22.731956142647682,0.33788899790911997,0.440388129558947,0.15110855363481532,0.19694755883555798,0.012941715161312798,0.0002770984000017751,0.00012392217177207939,0.05,Along_DV
ecadGFPnbG4,wL3,63.058344827972476,-56.48103058187238,-24.203267490171168,0.34106482917094416,0.4517079956293199,0.15252882855211686,0.20200995684146744,0.013039626663311817,0.00065577408668257,0.0002932710871410132,0.05,Along_DV
ecadGFPnbG4,wL3,65.11233990026278,-57.874211252275565,-25.71240740785665,0.34415731901954055,0.4614745554313117,0.15391183205635478,0.20637769516618154,0.013184015763534479,0.001209463707826411,0.0005408886134037599,0.05,Along_DV
ecadGFPnbG4,0hAPF,-61.89036024890675,56.45763770983967,-22.215838318330228,0.30651302455628404,0.42350600420952456,0.13707679177938267,0.1893976428583618,0.013561900862877698,0.0008123858860628825,0.0003633100130396008,0.05,Along_DV
ecadGFPnbG4,0hAPF,-59.84618453444231,54.89446976826811,-20.900425044514062,0.3035872126736777,0.4114203863174654,0.13576832892760582,0.1839927902270154,0.012860046790998586,0.0004272051819380246,0.00019105196543071765,0.05,Along_DV
ecadGFPnbG4,0hAPF,-57.80200881997786,53.29567754518664,-19.6253442308736,0.301574669252872,0.3983263874016363,0.1348682921482875,0.1781369758923949,0.012311639902325472,0.0003039976512957977,0.00013595188265953613,0.05,Along_DV
ecadGFPnbG4,0hAPF,-55.75783310551341,51.6650546734777,-18.39078818769913,0.3003756848050608,0.3852290722741807,0.13433209000243332,0.1722796785028495,0.011869490373740174,0.0003250699582067198,0.0001453757047986482,0.05,Along_DV
ecadGFPnbG4,0hAPF,-53.71365739104897,50.00542211015428,-17.196546306523928,0.29988121170468757,0.372626032706798,0.1341109549093374,0.16664342786369205,0.011497447579482133,0.0003268076882449972,0.00014615284129707455,0.05,Along_DV
ecadGFPnbG4,0hAPF,-51.669481676584525,48.318843245314476,-16.042114440571886,0.29997917392070006,0.3606367362176004,0.1341547649441835,0.16128165147324297,0.01116905183306632,0.0002778166518008255,0.00012424338374160702,0.05,Along_DV
ecadGFPnbG4,0hAPF,-49.62530596212008,46.60683901109593,-14.926804285205156,0.30056009074877515,0.34913515261546296,0.13441455884755338,0.15613798691658773,0.010866654587603388,0.00019585797136225806,8.759034758024321e-05,0.05,Along_DV
ecadGFPnbG4,0hAPF,-47.58113024765563,44.87060298811269,-13.849852759880301,0.3015189670961185,0.337878644041994,0.13484338138648866,0.1511039232446706,0.010580838886106126,0.00011090494602513268,4.9598199670628354e-05,0.05,Along_DV
ecadGFPnbG4,0hAPF,-45.536954533191185,43.11121385100889,-12.810532515787816,0.30275432230645954,0.3266313347169149,0.1353958490318249,0.14607397360170174,0.010315117041566476,5.238213656252833e-05,2.34260036320981e-05,0.05,Along_DV
ecadGFPnbG4,0hAPF,-43.49277881872674,41.329801473950525,-11.808260032777435,0.3041680448822872,0.3152553124894323,0.13602808498800023,0.1409864617988618,0.010081133537002268,5.137699680806336e-05,2.297649146852388e-05,0.05,Along_DV
ecadGFPnbG4,0hAPF,-41.44860310426229,39.52758162396691,-10.842641871137637,0.3056745598122256,0.30372728970810237,0.13670181894649233,0.1358309732818178,0.009884776895594461,8.456809625345542e-05,3.782000239009432e-05,0.05,Along_DV
ecadGFPnbG4,0hAPF,-39.404427389797846,37.70581406824046,-9.913459490340404,0.307204285019703,0.2921088068912161,0.13738593285665524,0.13063502980702363,0.009729545679388791,0.00011868346292270348,5.307685818004817e-05,0.05,Along_DV
ecadGFPnbG4,0hAPF,-37.3602516753334,35.86575352192639,-9.020646053647933,0.3087038266928266,0.28051124780283565,0.13805654827989486,0.1254484437080858,0.009617076916887034,0.00014774104636776331,6.607180454905344e-05,0.05,Along_DV
ecadGFPnbG4,0hAPF,-35.31607596086896,34.008600571726504,-8.164263192618291,0.31013603483732854,0.2690613263362842,0.1386970512337019,0.12032788316083719,0.009547294381204243,0.0001677091661253161,7.500181918120236e-05,0.05,Along_DV
ecadGFPnbG4,0hAPF,-33.27190024640451,32.13545259946253,-7.34447777161102,0.31148003321298745,0.257866660411979,0.13929810557962644,0.11532147636240778,0.009518483270779778,0.00017334041989583443,7.752019242708856e-05,0.05,Along_DV
ecadGFPnbG4,0hAPF,-31.227724531940062,30.247254710522405,-6.56153865162501,0.3127312961923129,0.2469809818466247,0.13985768739552654,0.11045325291173887,0.009527246506162212,0.00015914857642646113,7.117340708237752e-05,0.05,Along_DV
ecadGFPnbG4,0hAPF,-29.183548817475618,28.344753069724852,-5.815754375448167,0.3139014873611685,0.23636935574454807,0.14038101279557277,0.10570758944852797,0.009570298803425763,0.00012571940316007013,5.622342631132373e-05,0.05,Along_DV
ecadGFPnbG4,0hAPF,-27.139373103011174,26.428480246089492,-5.107494459403396,0.3150141827656225,0.22588803809854405,0.14087862530809492,0.10102020169848136,0.009654178810662821,9.380888382232145e-05,4.195260822401821e-05,0.05,Along_DV
ecadGFPnbG4,0hAPF,-25.09519738854673,24.498801407528635,-4.437249537877517,0.31609801319149705,0.21530116617209702,0.14136332900976253,0.09628560863915742,0.00979027009283738,0.00010885633740981416,4.8682034045999566e-05,0.05,Along_DV
ecadGFPnbG4,0hAPF,-23.05102167408228,22.555980785391398,-3.80571477132433,0.3171822309435979,0.20431256295707667,0.14184820592898442,0.09137135588584577,0.009992121211089087,0.00017084114486704192,7.6402482655319e-05,0.05,Along_DV
ecadGFPnbG4,0hAPF,-21.006845959617834,20.60024886585709,-3.2138742175035175,0.31829252352658544,0.19259854555113956,0.1423447438670792,0.08613268804398755,0.01027534734529376,0.0002446450224784146,0.00010940858012373982,0.05,Along_DV
ecadGFPnbG4,0hAPF,-18.96267024515339,18.63186958133868,-2.663085202735006,0.31944683441374605,0.17984156662626924,0.14286096738925105,0.0804275936312791,0.01065761468721727,0.0003119268222347131,0.00013949791570446227,0.05,Along_DV
ecadGFPnbG4,0hAPF,-16.91849453068894,16.65120750188628,-2.1551626931533354,0.3206512634185331,0.1657649004030603,0.14339960441500632,0.07413231711694503,0.011158736251044491,0.00036136879742705287,0.00016160903919884825,0.05,Along_DV
ecadGFPnbG4,0hAPF,-14.874318816224495,14.65879500527817,-1.6924636105561681,0.32189607614875004,0.15016828285712447,0.14395630159181075,0.06715729770658933,0.011799861586009177,0.000383180343895222,0.00017136345931829258,0.05,Along_DV
ecadGFPnbG4,0hAPF,-12.83014310176005,12.655394165926085,-1.277953971313778,0.3231528056277503,0.13296592873777102,0.14451832810068524,0.05946417106980976,0.012570745311379966,0.00037138937338927655,0.00016609037700389477,0.05,Along_DV
ecadGFPnbG4,0hAPF,-10.785967387295607,10.64201685486874,-0.9151313396572165,0.32437687341352545,0.1142103186345365,0.14506574785629742,0.051076407239746914,0.01341734690347288,0.0003319424807506293,0.0001484491903156645,0.05,Along_DV
ecadGFPnbG4,0hAPF,-8.741791672831162,8.619897528649208,-0.6077764902608738,0.3255134088568902,0.09407515934380821,0.1455740219583377,0.04207169025737593,0.014279150874885604,0.00027284330913798235,0.0001220192372877036,0.05,Along_DV
ecadGFPnbG4,0hAPF,-6.697615958366711,6.590457966638977,-0.3596748270748029,0.32650318608166745,0.07282682225074412,0.14601666378977432,0.03256914502759162,0.015091690814851325,0.00020401789510158708,9.123957641471401e-05,0.05,Along_DV
ecadGFPnbG4,0hAPF,-4.653440243902267,4.555271941923363,-0.17433753685060333,0.3272889494823266,0.050796240895167696,0.14636806786539538,0.022716769528609945,0.015786733601685757,0.00014153780352059423,6.329763001161155e-05,0.05,Along_DV
ecadGFPnbG4,0hAPF,-2.609264529437823,2.51602989218686,-0.05472274266729275,0.32782203222887774,0.028355937468911314,0.1466064697171795,0.012681160749243805,0.016293336512371442,0.0001162436805273072,5.1985754322765496e-05,0.05,Along_DV
ecadGFPnbG4,0hAPF,-0.5650888149733717,0.47450359059853986,-0.0029566574571894986,0.32806906827793086,0.0060308226105892275,0.14671694759689466,0.002697065863504051,0.016539832065011723,0.00014392530700358668,6.436535402850928e-05,0.05,Along_DV
ecadGFPnbG4,0hAPF,1.4790868994910724,-1.5674891860409916,-0.02005565283858806,0.32801850528167154,0.016525850703415185,0.14669433513753827,0.007390585111769814,0.01646480505138028,0.0001900117531948912,8.49758393335379e-05,0.05,Along_DV
ecadGFPnbG4,0hAPF,3.5232626139555165,-3.6081201827417657,-0.10571303387716693,0.3276852036687449,0.0381087385235384,0.1465452781248354,0.017042745975079366,0.016090534615258056,0.00023320249202711708,0.0001042913249389973,0.05,Along_DV
ecadGFPnbG4,0hAPF,5.567438328419961,-5.645587041970642,-0.2583699892013885,0.32710807484786464,0.05888751905073427,0.1462871782697829,0.026335299124751143,0.015486627281522261,0.0002687404749957823,0.00012018439407923033,0.05,Along_DV
ecadGFPnbG4,0hAPF,7.611614042884405,-7.678150243032626,-0.47547496601790573,0.32634292122084463,0.07864314005104807,0.14594499116513343,0.03517028142363595,0.014723786680417336,0.0002950303737788087,0.00013194159423931753,0.05,Along_DV
ecadGFPnbG4,0hAPF,9.655789757348849,-9.704170088105467,-0.7537586386972576,0.3254545548772192,0.09723961969926742,0.14554770165847955,0.04348687995075792,0.013870970014022418,0.0003106559501258374,0.00013892956441923133,0.05,Along_DV
ecadGFPnbG4,0hAPF,11.699965471813293,-11.722143688296566,-1.0895088848100019,0.32450886031393567,0.11460534750268633,0.14512477419258876,0.05125306952019848,0.012993802055434867,0.00031367773625667894,0.0001402809482596369,0.05,Along_DV
ecadGFPnbG4,0hAPF,13.744141186277751,-13.730741949699867,-1.4788457611628505,0.3235650981496773,0.13073332751955247,0.14470271092181397,0.058465721451692654,0.012153927733007658,0.0003015695206882579,0.00013486598964019476,0.05,Along_DV
ecadGFPnbG4,0hAPF,15.788316900742196,-15.728846559452696,-1.9179964798347082,0.32266869059972697,0.14568258986257157,0.14430182527836738,0.06515123481418635,0.011409130025172905,0.00027146963545032,0.00012140491173880044,0.05,Along_DV
ecadGFPnbG4,0hAPF,17.83249261520664,-17.71558625837364,-2.4035679196324438,0.3218445746726582,0.15957779631241556,0.14393326943151416,0.07136536005083528,0.010802792387805906,0.00022437100717047248,0.00010034176484265383,0.05,Along_DV
ecadGFPnbG4,0hAPF,19.876668329671084,-19.690351717552012,-2.9327491640147896,0.32109189666245314,0.17259544584645803,0.1435966615923166,0.07718702990391277,0.010328285491814502,0.00016954167784545814,7.58213433363629e-05,0.05,Along_DV
ecadGFPnbG4,0hAPF,21.920844044135528,-21.65274990595297,-3.5033230175052053,0.32038637423423344,0.1849385951918853,0.1432811423704866,0.08270705410247425,0.009967106743533863,0.00012110859698367238,5.416141110302348e-05,0.05,Along_DV
ecadGFPnbG4,0hAPF,23.965019758599972,-23.602531502968446,-4.113595384870581,0.31968828101197044,0.19681752772366679,0.14296894559056422,0.08801947423071367,0.00970312693918514,0.000103212181143004,4.615789062835577e-05,0.05,Along_DV
ecadGFPnbG4,0hAPF,26.009195473064416,-25.539517018242805,-4.762320916937125,0.31895074511073485,0.20843385105724646,0.14263910950836237,0.0932144519552139,0.009522367992933612,0.00012392940095501853,5.542291298924976e-05,0.05,Along_DV
ecadGFPnbG4,0hAPF,28.053371187528874,-27.46352291147925,-5.448628656363351,0.31812788033610495,0.21996691438072347,0.14227111319388985,0.09837219467123474,0.009412897597669414,0.00015504448973618004,6.933800371737339e-05,0.05,Along_DV
ecadGFPnbG4,0hAPF,30.09754690199332,-29.374287712246087,-6.1719476834130145,0.3171827133324527,0.23156129836421013,0.1418484216598386,0.10355736082009694,0.00936483371109471,0.00017369239407671901,7.767760006604511e-05,0.05,Along_DV
ecadGFPnbG4,0hAPF,32.14172261645776,-31.27139814136954,-6.931932763602222,0.3160948504687507,0.24331357989854374,0.14136191459715156,0.10881314090039403,0.009370487094187002,0.00016767956675985547,7.498858194255019e-05,0.05,Along_DV
ecadGFPnbG4,0hAPF,34.18589833092221,-33.154217835014116,-7.7283923736824915,0.31486823182713625,0.2552583320612489,0.14081335406412787,0.11415499646243332,0.009426942835866887,0.0001335235872072129,5.971356351898986e-05,0.05,Along_DV
ecadGFPnbG4,0hAPF,36.23007404538665,-35.02185385790601,-8.561243902358447,0.3135380542557746,0.26736714673466383,0.14021848056978584,0.11957022300977384,0.009533837921713483,8.172895406035786e-05,3.6550299401783524e-05,0.05,Along_DV
ecadGFPnbG4,0hAPF,38.274249759851095,-36.87319318912785,-9.4305083675857,0.3121662108266782,0.27956703894425133,0.13960497353739665,0.12502618066953539,0.009688959321802816,3.647233676312233e-05,1.6310924860121235e-05,0.05,Along_DV
ecadGFPnbG4,0hAPF,40.31842547431554,-38.70696050518045,-10.3363137570259,0.31083023678877175,0.29176443289403375,0.1390075077844099,0.13048102107354703,0.009888483667482115,6.137696554569723e-05,2.7448613442568297e-05,0.05,Along_DV
ecadGFPnbG4,0hAPF,42.36260118877998,-40.5217765706232,-11.278898474485956,0.3096125842559228,0.30387224364252985,0.1384629570171249,0.135895798652015,0.01012692722906857,0.00010443864173643959,4.670638048008512e-05,0.05,Along_DV
ecadGFPnbG4,0hAPF,44.40677690324443,-42.31621662871417,-12.258614786357258,0.3085908305884721,0.31583969166706916,0.138006014885789,0.14124780411202809,0.010397030141827596,0.00013008085400388177,5.817392642478107e-05,0.05,Along_DV
ecadGFPnbG4,0hAPF,46.450952617708886,-44.08886879205052,-13.275932268054913,0.30782910745830044,0.32768321191450506,0.13766536194596946,0.14654438738526046,0.010689591669034059,0.0001344526989101433,6.012907490427846e-05,0.05,Along_DV
ecadGFPnbG4,0hAPF,48.49512833217333,-45.83839236935233,-14.331441136541192,0.30737106145714743,0.33951622974389606,0.13746051754688943,0.15183627383435752,0.01099259453902866,0.00014014440315118708,6.2674482422438e-05,0.05,Along_DV
ecadGFPnbG4,0hAPF,50.539304046637774,-47.56356422176448,-15.42584371616044,0.3072334821655591,0.3515635937231863,0.1373989902172319,0.1572240187958326,0.011293304467228026,0.00019458724017630132,8.702205931765758e-05,0.05,Along_DV
ecadGFPnbG4,0hAPF,52.58347976110222,-49.26322128441013,-16.559893358930168,0.3074113505139305,0.36409875259660923,0.13747853536083268,0.16282991226577925,0.011600583659650703,0.00026801967962514244,0.00011986204458990677,0.05,Along_DV
ecadGFPnbG4,0hAPF,54.62765547556666,-50.936063480494425,-17.734312368826476,0.3079171770282788,0.37730532465901495,0.1377047478550136,0.168736070842037,0.01193447781010622,0.0003018447611454636,0.00013498908091468879,0.05,Along_DV
ecadGFPnbG4,0hAPF,56.67183119003111,-52.580424857658805,-18.94971493457843,0.30882329218848376,0.3911277221719131,0.13810997487374588,0.17491763493220988,0.012323339248043356,0.0002901288786113036,0.00012974957896213192,0.05,Along_DV
ecadGFPnbG4,0hAPF,58.71600690449555,-54.19404413308348,-20.20653033819573,0.3102884590316022,0.4051229360088576,0.1387652174056642,0.1811764848320206,0.012804331053091719,0.0003940125319612195,0.00017620776109041904,0.05,Along_DV
ecadGFPnbG4,0hAPF,60.76018261896001,-55.77383523859012,-21.50492616349644,0.3125649036653866,0.4183122121758781,0.1397832743952955,0.18707490844871572,0.013423961304590115,0.00081094988195564,0.0003626678124796482,0.05,Along_DV
ecadGFPnbG4,0hAPF,62.80435833342445,-57.31565786574432,-22.844731504634616,0.3159886080397193,0.4290430119794213,0.14131440153846977,0.1918738680114485,0.014238663813187552,0.0015347681054743848,0.0006863691627078583,0.05,Along_DV
ecadGFPnbG4,2hAPF,-62.02751389359001,54.26951340830544,-27.27251371105073,0.35213856714752856,0.4329232365628931,0.1574811547282496,0.19360915719877028,0.013453033897989098,0.0008597602931484542,0.000384496491967018,0.05,Along_DV
ecadGFPnbG4,2hAPF,-59.97792517570792,52.77453041502524,-25.873925465112922,0.3444622775634233,0.42517965890262843,0.154048213663243,0.19014612399129016,0.01098496441077787,0.0007345492043113198,0.00032850039073169853,0.05,Along_DV
ecadGFPnbG4,2hAPF,-57.92833645782582,51.2448808681256,-24.506572775732707,0.33781125701101944,0.4169632654207869,0.15107378684825837,0.18647164112023337,0.009412830619324398,0.0006963324674005657,0.0003114093464095642,0.05,Along_DV
ecadGFPnbG4,2hAPF,-55.87874773994373,49.68854481543282,-23.168840900579685,0.33238431876777436,0.4091375543693873,0.1486467862839405,0.18297187674359322,0.008505144848387346,0.00064501242043159,0.00028845832368334186,0.05,Along_DV
ecadGFPnbG4,2hAPF,-53.82915902206163,48.11015538623714,-21.859557798957503,0.32827397906878225,0.40198395740648996,0.14680858648842804,0.17977269092505832,0.008074955529806813,0.0005566965067366932,0.00024896224637998307,0.05,Along_DV
ecadGFPnbG4,2hAPF,-51.779570304179536,46.51181070838139,-20.577923317609905,0.32546536079481486,0.39537269816200554,0.1455525342117402,0.1768160459075501,0.007959101088123099,0.00044799571151130026,0.00020034977291353046,0.05,Along_DV
ecadGFPnbG4,2hAPF,-49.72998158629744,44.89388582534968,-19.323438376526735,0.323848266354402,0.38894178367202603,0.14482934759278016,0.1739400535161336,0.008008491886232642,0.000348116341456844,0.00015568236071520627,0.05,Along_DV
ecadGFPnbG4,2hAPF,-47.680392868415346,43.25584458750933,-18.095834168457667,0.3232343897775569,0.3822727761194327,0.14455481364165607,0.17095758267012195,0.008086563779458131,0.0002706716581635263,0.00012104804544724613,0.05,Along_DV
ecadGFPnbG4,2hAPF,-45.63080415053325,41.59703909792533,-16.89500693043591,0.3233769241136298,0.3750566226244787,0.14461855693457343,0.16773042071996397,0.008101003026904998,0.0002069531258008372,9.255225148934751e-05,0.05,Along_DV
ecadGFPnbG4,2hAPF,-43.581215432651156,39.91731990270299,-15.72099971552168,0.32400937233534255,0.36717994730875125,0.14490139637777313,0.16420786443143173,0.008058901970790377,0.00015750471617705314,7.043825042974032e-05,0.05,Along_DV
ecadGFPnbG4,2hAPF,-41.53162671476906,38.217143358363465,-14.57402390764681,0.32491168835312334,0.3587055607424291,0.1453049243683621,0.16041800354545027,0.007997885469150414,0.00013000590126014154,5.814040653876041e-05,0.05,Along_DV
ecadGFPnbG4,2hAPF,-39.482037996886966,36.49739872788653,-13.454465443203825,0.32592442513466535,0.34981724603109304,0.14575783402573056,0.1564430283654585,0.007952014441810406,0.00013399716741687784,5.992535502731175e-05,0.05,Along_DV
ecadGFPnbG4,2hAPF,-37.43244927900487,34.759209730523,-12.36288629506845,0.3269452365545597,0.34076097044446285,0.1462143547711489,0.15239293879852311,0.00795132798329555,0.00015823564265930355,7.076513068991366e-05,0.05,Along_DV
ecadGFPnbG4,2hAPF,-35.382860561122776,33.003735995468425,-11.300025922771159,0.32792409480576046,0.3317862440102914,0.14665211348915322,0.14837931912126878,0.008022049828446912,0.00018000073854916346,8.049877747921927e-05,0.05,Along_DV
ecadGFPnbG4,2hAPF,-33.33327184324068,31.231974515536468,-10.266802722668652,0.3288573264135663,0.32308738720488955,0.14706946735191426,0.14448907209258577,0.008186667812290997,0.00018217756143779288,8.147228227000984e-05,0.05,Along_DV
ecadGFPnbG4,2hAPF,-31.283683125358586,29.44456113189336,-9.2643154729509,0.3297807776207691,0.314744273342702,0.1474824472865562,0.1407579181446113,0.008463310285834141,0.00015710569154830806,7.02598011908262e-05,0.05,Along_DV
ecadGFPnbG4,2hAPF,-29.23409440747649,27.641582109286013,-8.29384564291266,0.33076123046035755,0.3066646229433825,0.1479209191261667,0.13714458863914897,0.008858271397277013,0.00012822195660500233,5.734260223536267e-05,0.05,Along_DV
ecadGFPnbG4,2hAPF,-27.184505689594396,25.82250464547521,-7.356890775285359,0.3318751031721629,0.2985573554651441,0.14841905814654247,0.1335189084005261,0.009369578682629647,0.00016619049468500708,7.432264866599867e-05,0.05,Along_DV
ecadGFPnbG4,2hAPF,-25.1349169717123,23.986317680121598,-6.455277543172568,0.333189804671446,0.28996746593628164,0.14900701053104604,0.12967739301937609,0.009999044291572654,0.0002738192936170634,0.0001224557108157456,0.05,Along_DV
ecadGFPnbG4,2hAPF,-23.085328253830205,22.131738755598622,-5.591306106649514,0.33475938402117383,0.28033338063138985,0.14970894775546031,0.1253688990908221,0.010753362814962013,0.00040597531330839744,0.00018155767954887032,0.05,Along_DV
ecadGFPnbG4,2hAPF,-21.03573953594811,20.257423106352313,-4.767895744915757,0.3366206790676131,0.2690462155194875,0.1505413442054647,0.12032112539812657,0.011644984314721489,0.0005372900183248247,0.00024028340092128311,0.05,Along_DV
ecadGFPnbG4,2hAPF,-18.986150818066015,18.36217274828835,-3.9887304884664667,0.3387881691249587,0.2555106056929876,0.15151067522722061,0.114267816660333,0.012693389062056526,0.0006505896665572354,0.00029095254397618,0.05,Along_DV
ecadGFPnbG4,2hAPF,-16.93656210018392,16.445145568159102,-3.2584047512636842,0.34124735722060257,0.2392071349530952,0.1526104575774842,0.10697668289161737,0.013926797663994687,0.0007311126630195808,0.00032696352274453586,0.05,Along_DV
ecadGFPnbG4,2hAPF,-14.886973382301825,14.506064321498679,-2.582568811367732,0.34394679881397966,0.2197560411978775,0.1538176845583005,0.09827788931693968,0.015382248749369432,0.0007642845223305641,0.00034179842921641944,0.05,Along_DV
ecadGFPnbG4,2hAPF,-12.83738466441973,12.545407395896202,-1.9680373352390501,0.3467925300628186,0.19698668294016225,0.15509033426192037,0.08809512274328019,0.01704797971082466,0.0007402916723574759,0.0003310685005136636,0.05,Along_DV
ecadGFPnbG4,2hAPF,-10.787795946537635,10.564464766466585,-1.4226071808121166,0.34965588249357804,0.17098425542569917,0.15637086439766382,0.07646648364281011,0.01883879953012576,0.0006677445806543898,0.0002986244547900613,0.05,Along_DV
ecadGFPnbG4,2hAPF,-8.73820722865554,8.565248674850988,-0.9545482613168179,0.35238487477506225,0.14206149027539683,0.15759130684795802,0.06353182984814253,0.020651830972220363,0.0005568922945252692,0.0002490498053408672,0.05,Along_DV
ecadGFPnbG4,2hAPF,-6.688618510773445,6.550380840810793,-0.5720393617279675,0.35481638081923733,0.1107096419820075,0.15867870940845344,0.04951085704728666,0.022366518873838805,0.00041882378067447263,0.0001873036888363167,0.05,Along_DV
ecadGFPnbG4,2hAPF,-4.63902979289135,4.522979498939749,-0.28260351668936157,0.35679139319773934,0.077552083317741,0.15956196179540025,0.03468234601903925,0.0238432876406653,0.00026880913344983593,0.00012021509907332913,0.05,Along_DV
ecadGFPnbG4,2hAPF,-2.5894410750092547,2.486546435376066,-0.09254338843783642,0.3581723609094989,0.043319630645079314,0.16017954933104558,0.01937312777651608,0.024927434776477818,0.00014277998997485087,6.3853152682101e-05,0.05,Along_DV
ecadGFPnbG4,2hAPF,-0.5398523571271596,0.44485402451456196,-0.006376644727326646,0.35886110059333826,0.009418399720801761,0.16048756308141887,0.004212036402995555,0.02545911052680009,0.00015217491095259654,6.805468907199663e-05,0.05,Along_DV
ecadGFPnbG4,2hAPF,1.5097363607549354,-1.5981677457656793,-0.026273360102332565,0.35881550688743136,0.026503487654559343,0.16046717295626808,0.011852720007284231,0.025305477293125156,0.00025906245863215803,0.00011585625358394651,0.05,Along_DV
ecadGFPnbG4,2hAPF,3.5593250786370305,-3.638545016421837,-0.1516286452095456,0.35806053354228135,0.059904051170409534,0.16012953861207693,0.02678990610893231,0.024516915750706858,0.000364630355607672,0.00016306765235973524,0.05,Along_DV
ecadGFPnbG4,2hAPF,5.608913796519133,-5.67237708137426,-0.379213470703733,0.35668311971277955,0.09203554562714605,0.15951354042089405,0.041159547273716415,0.023247217922252105,0.0004522051964747222,0.0002022323118192254,0.05,Along_DV
ecadGFPnbG4,2hAPF,7.658502514401221,-7.695955535717093,-0.7036997160842555,0.35481563876511735,0.12234644155210572,0.15867837755176237,0.05471499202314265,0.021653423126982208,0.0005186354865597763,0.00023194084069826768,0.05,Along_DV
ecadGFPnbG4,2hAPF,9.708091232283309,-9.705883593990857,-1.1182151803348561,0.35261650654687576,0.15048699182980393,0.15769489572546275,0.0672998286921794,0.019882299211016675,0.0005628822948996252,0.00025172861494532903,0.05,Along_DV
ecadGFPnbG4,2hAPF,11.75767995016541,-11.699195408522026,-1.6148986043922275,0.3502503424047008,0.17623168006331097,0.15663671495189763,0.07881320328211155,0.018063011244193645,0.0005838484481631924,0.00026110496373013206,0.05,Along_DV
ecadGFPnbG4,2hAPF,13.807268668047513,-13.673475387762693,-2.1854546936145716,0.3478693716909852,0.19947661171618983,0.15557191247823676,0.08920865274374629,0.01630566585254793,0.0005796199133452393,0.0002592139054704985,0.05,Along_DV
ecadGFPnbG4,2hAPF,15.856857385929601,-15.62697751463,-2.821709140249697,0.34559749870158885,0.22024331463974803,0.15455589999012959,0.09849580462487023,0.01470420827443844,0.0005473995830568962,0.00024480453571405243,0.05,Along_DV
ecadGFPnbG4,2hAPF,17.90644610381169,-17.5587424338752,-3.516158752150905,0.3435176055628337,0.23868046431708598,0.1536257435012912,0.10674114862284342,0.013322756498942772,0.0004902923379825277,0.0002192653993152468,0.05,Along_DV
ecadGFPnbG4,2hAPF,19.95603482169379,-19.468649029108338,-4.262383846918295,0.3416603600382682,0.2550397938975136,0.15279515805252408,0.11405726322447528,0.012143014973320598,0.0004213345795820135,0.00018842655224333543,0.05,Along_DV
ecadGFPnbG4,2hAPF,22.005623539575893,-21.35728257451271,-5.055085280046512,0.3400066993087482,0.26963132999313305,0.15205561849193835,0.12058279654566467,0.011133985628536482,0.00035345108906025745,0.00015806813237201358,0.05,Along_DV
ecadGFPnbG4,2hAPF,24.05521225745798,-23.22572176586064,-5.889959841113312,0.3385032745978454,0.2827911736691295,0.151383266521412,0.12646805755222443,0.010274854638251738,0.0003009655796399942,0.00013459589899253072,0.05,Along_DV
ecadGFPnbG4,2hAPF,26.10480097534007,-25.075321884682264,-6.7635682451348815,0.3370781685809765,0.29485461264105367,0.15074593973563946,0.13186299146895294,0.009552893786246434,0.0002736380575541558,0.00012237465958441843,0.05,Along_DV
ecadGFPnbG4,2hAPF,28.15438969322217,-26.907497962364033,-7.673203123806919,0.3356554467328455,0.30613239229196565,0.15010967918254042,0.13690656785589356,0.008961783800650772,0.00026687546478127246,0.00011935033615555526,0.05,Along_DV
ecadGFPnbG4,2hAPF,30.203978411104274,-28.723507944247256,-8.616757016745712,0.33416856392314914,0.3168883924912926,0.14944472497512906,0.1417167973782328,0.00850036208118542,0.0002627427873518264,0.00011750214662329116,0.05,Along_DV
ecadGFPnbG4,2hAPF,32.25356712898636,-30.524235859298436,-9.592590365950675,0.3325727987686482,0.3273160586071865,0.14873107710281114,0.14638019143459483,0.008171828320138352,0.00024268602553644334,0.00010853249005774743,0.05,Along_DV
ecadGFPnbG4,2hAPF,34.30315584686845,-32.309983282711,-10.599403319523285,0.3308588841250166,0.33751378168222423,0.14796459117265262,0.15094075183689534,0.007979215496006973,0.00019997635347037432,8.943214405045659e-05,0.05,Along_DV
ecadGFPnbG4,2hAPF,36.35274456475055,-34.080379144010735,-11.63615110265757,0.32907360521978174,0.3474818920775787,0.1471661901744723,0.1553986263271423,0.007909877093076025,0.00015584817471898162,6.969742256818141e-05,0.05,Along_DV
ecadGFPnbG4,2hAPF,38.402333282632654,-35.83450788849305,-12.70202316391354,0.3273192107691773,0.3571498803456443,0.14638160112429233,0.15972228212175535,0.00794349105369296,0.00015317374656886388,6.850138193926095e-05,0.05,Along_DV
ecadGFPnbG4,2hAPF,40.45192200051474,-37.57110458471199,-13.79643643337088,0.3257347515129144,0.36641196191370995,0.14567300940337582,0.16386441092162388,0.008056133482950199,0.00020044124930735955,8.964005178924771e-05,0.05,Along_DV
ecadGFPnbG4,2hAPF,42.50151071839683,-39.28875201635684,-14.91902876361163,0.3244767610194987,0.37516809341209684,0.1451104189517106,0.1677802719716879,0.0082203029639534,0.00025767966794185945,0.0001152378507875142,0.05,Along_DV
ecadGFPnbG4,2hAPF,44.55109943627893,-40.98607777412905,-16.069652370702748,0.32370062588906445,0.3833701499260523,0.14476332076943527,0.17144834315578777,0.008404575166100232,0.00029448681781270167,0.00013169850862135936,0.05,Along_DV
ecadGFPnbG4,2hAPF,46.600688154161034,-42.661951347619265,-17.248367275178783,0.32354305013518275,0.3910704216599794,0.14469285074997823,0.174892009364244,0.008573154933465336,0.00029410396259025256,0.00013152729056077197,0.05,Along_DV
ecadGFPnbG4,2hAPF,48.65027687204312,-44.31568093210879,-18.455434626528813,0.3241059924996786,0.3984680360705512,0.14494460622886365,0.1782003231029181,0.008686777308208993,0.0002538300965427535,0.00011351627012098622,0.05,Along_DV
ecadGFPnbG4,2hAPF,50.69986558992521,-45.94716552577045,-19.691299749737745,0.32543394588053887,0.4059340194090559,0.14553848503497452,0.18153921235567358,0.008749213332966141,0.0002290339941620852,0.00010242711602094249,0.05,Along_DV
ecadGFPnbG4,2hAPF,52.74945430780731,-47.55669064833709,-20.95654986906873,0.3274897604294282,0.4139286165765817,0.1464578732510644,0.18511450489953657,0.00885777233185443,0.00029867216734650887,0.00013357025383479735,0.05,Along_DV
ecadGFPnbG4,2hAPF,54.799043025689414,-49.144265622706385,-22.25190437994972,0.33021814241398706,0.42280163159498596,0.1476780427682763,0.18908263784884227,0.009135936028886713,0.000399382091940213,0.0001786091013148774,0.05,Along_DV
ecadGFPnbG4,2hAPF,56.8486317435715,-50.70885756421149,-23.578226889415422,0.3336452185142851,0.43257949267830875,0.14921067779314257,0.19345543026021417,0.009721324894823722,0.0005163700374374176,0.00023092770105083538,0.05,Along_DV
ecadGFPnbG4,2hAPF,58.89822046145359,-52.24762329273865,-24.936538002623276,0.33797252961387525,0.4427666817033392,0.15114591014883716,0.19801127969213575,0.010768788001411362,0.0007827103352664286,0.00035003870326947705,0.05,Along_DV
ecadGFPnbG4,2hAPF,60.94780917933569,-53.755141244844864,-26.32802810936935,0.34366689091948527,0.4521636259784553,0.15369250594239484,0.20221372092812315,0.012459895571923903,0.0013640895278074034,0.0006100393823145887,0.05,Along_DV
ecadGFPnbG4,2hAPF,62.99739789721779,-55.222643385875486,-27.754070170604233,0.3515557804171607,0.4587280878675992,0.15722052457915212,0.20514943753208967,0.015021072491229562,0.002334977298306732,0.0010442335929865315,0.05,Along_DV
ecadGFPnbG4,4hAPF,-67.71908260532474,54.67815884969745,-35.09663398087632,0.40053012297098467,0.5126337964981541,0.17912251639989435,0.22925680330673323,0.012281522180068751,0.0014489107348101232,0.0006479725792729212,0.05,Along_DV
ecadGFPnbG4,4hAPF,-65.68835514118422,53.54942157699342,-33.4080830213794,0.39253252220307877,0.5052325502579226,0.17554588060510593,0.22594686536445874,0.011563826321934362,0.0006782633974668491,0.0003033286126771666,0.05,Along_DV
ecadGFPnbG4,4hAPF,-63.6576276770437,52.381364579836394,-31.746660088422328,0.3847380617160074,0.49798678620283987,0.17206009190570037,0.22270646116924087,0.011042085312064395,0.00024667641379532134,0.00011031704593844107,0.05,Along_DV
ecadGFPnbG4,4hAPF,-61.62690021290317,51.176354425759435,-30.111961291874564,0.3776239765023877,0.4909794147500627,0.16887857627862443,0.2195726693868406,0.010696080324423238,0.00026812784188364836,0.0001199104162224306,0.05,Along_DV
ecadGFPnbG4,4hAPF,-59.59617274876265,49.93613269501034,-28.50392299926877,0.37134705363750165,0.48416870449211746,0.16607145103554283,0.21652682716447647,0.010501073876693877,0.0003339095504340493,0.00014932889062138573,0.05,Along_DV
ecadGFPnbG4,4hAPF,-57.56544528462213,48.66191906537536,-26.922786144858073,0.3658493767975871,0.47743059505803537,0.1636128152090678,0.21351345301758842,0.010430947902399255,0.0002887425299719117,0.000129129585002493,0.05,Along_DV
ecadGFPnbG4,4hAPF,-55.5347178204816,47.35451439700263,-25.369060538673263,0.3609567649585892,0.4706111803864368,0.1614247726771639,0.21046371806309766,0.01045983128872638,0.00017066889928789888,7.632545209056146e-05,0.05,Along_DV
ecadGFPnbG4,4hAPF,-53.50399035634108,46.014403817225926,-23.84348917558008,0.3564608893774184,0.4635556517360123,0.15941415599358802,0.20730838972718837,0.01056274433339446,0.00010413955551617667,4.6572625056156845e-05,0.05,Along_DV
ecadGFPnbG4,4hAPF,-51.47326289220055,44.64185977558233,-22.347012559462225,0.3521872301712807,0.4561197195718179,0.1575029174940697,0.20398293976814522,0.010716220977603209,0.00020018566702732524,8.952575191884749e-05,0.05,Along_DV
ecadGFPnbG4,4hAPF,-49.44253542806003,43.23703994520567,-20.880734916548047,0.3480479387879277,0.4481732797405535,0.15565177011169842,0.20042918383978137,0.010905854037686154,0.0002803881315110362,0.00012539338442856554,0.05,Along_DV
ecadGFPnbG4,4hAPF,-47.41180796391951,41.80004868971726,-19.445898620869947,0.3440544012255872,0.4395839997009655,0.15386580581967998,0.1965879410305212,0.011128302613898116,0.00031564288392933585,0.00014115978901601417,0.05,Along_DV
ecadGFPnbG4,4hAPF,-45.38108049977899,40.330956202513605,-18.043875019481995,0.34029627086927694,0.43020847431765624,0.15218511883067692,0.19239507861415037,0.011383939714713737,0.0003226344614218792,0.00014428651752467105,0.05,Along_DV
ecadGFPnbG4,4hAPF,-43.35035303563846,38.82980879176412,-16.676170118642357,0.33691624419766425,0.41989945905438997,0.15067352494997927,0.1877847468322011,0.011673434686176903,0.00032686015241389666,0.00014617630398668297,0.05,Along_DV
ecadGFPnbG4,4hAPF,-41.31962557149794,37.29663907887213,-15.344432014702065,0.334083397281989,0.4085120034875201,0.14940663729531917,0.1826921218845452,0.011997713696601521,0.0003514265025315615,0.00015716270975111468,0.05,Along_DV
ecadGFPnbG4,4hAPF,-39.28889810735741,35.73147619751796,-14.050458326340717,0.3319661110350059,0.39591070744214013,0.14845975810010326,0.17705665097213144,0.012357896475926947,0.0004010914601954365,0.0001793735540383294,0.05,Along_DV
ecadGFPnbG4,4hAPF,-37.258170643216886,34.134355992702176,-12.796203626802178,0.33070678222206784,0.3819821020718398,0.14789656913375251,0.1708275892841794,0.012755216359799518,0.00046013173867565733,0.00020577716925678776,0.05,Along_DV
ecadGFPnbG4,4hAPF,-35.22744317907637,32.50533121978877,-11.583786876130304,0.3304006346619247,0.3666540214111015,0.14775965578262737,0.16397266321977724,0.013190953380032951,0.0005051690135802774,0.00022591845089840293,0.05,Along_DV
ecadGFPnbG4,4hAPF,-33.19671571493584,30.84448182258946,-10.415498861223528,0.33108030823929085,0.34992055545834433,0.1480636150469276,0.1564892297458686,0.013666162675674656,0.0005143710679499658,0.00023003373471905736,0.05,Along_DV
ecadGFPnbG4,4hAPF,-31.165988250795323,29.151928479103823,-9.29380879941909,0.3327085539938969,0.3318658167967958,0.14879178868520254,0.14841490515322536,0.0141775391925931,0.00048313517162193583,0.00021606461721353516,0.05,Along_DV
ecadGFPnbG4,4hAPF,-29.135260786654797,27.427859536244178,-8.221358017691767,0.3351845935281337,0.3126647060906133,0.14989910722790858,0.13982790739672077,0.014716230390437703,0.00042769234064443814,0.00019126982942739196,0.05,Along_DV
ecadGFPnbG4,4hAPF,-27.10453332251427,25.6725679870214,-7.20093411457952,0.3383590264628317,0.29255401702194656,0.1513187567943084,0.13083413383034062,0.0152733072221332,0.0003737603303627851,0.0001671507011967932,0.05,Along_DV
ecadGFPnbG4,4hAPF,-25.073805858373753,23.886489684668508,-6.235440994032869,0.34204931779432224,0.2717945213142277,0.1529691052491066,0.12155020511412572,0.01584031992564014,0.0003529987258947443,0.0001578658294142927,0.05,Along_DV
ecadGFPnbG4,4hAPF,-23.043078394233227,22.07024156322654,-5.327868854941984,0.34605479659402244,0.2506332200349431,0.15476040982481937,0.11208658348355899,0.01640942048613101,0.00038084226769548866,0.00017031783985445696,0.05,Along_DV
ecadGFPnbG4,4hAPF,-21.0123509300927,20.22465985813067,-4.48126418066386,0.35017122839339104,0.22927163638112158,0.15660133409044535,0.10253339285216034,0.016973545660167216,0.00043745293280257413,0.00019563489894064065,0.05,Along_DV
ecadGFPnbG4,4hAPF,-18.981623465952183,18.350838326796186,-3.698699728549415,0.3542050458520584,0.20784524073095917,0.1584053120997265,0.09295121741484655,0.01752668281196342,0.000488806235195188,0.0002186007939444381,0.05,Along_DV
ecadGFPnbG4,4hAPF,-16.950896001811657,16.450166468936455,-2.9832445190241383,0.35798725401970655,0.18641648903047447,0.16009676701330972,0.08336798831979696,0.01806420252340571,0.0005065614301779089,0.00022654115853146354,0.05,Along_DV
ecadGFPnbG4,4hAPF,-14.920168537671131,14.524366579259851,-2.3379327891525605,0.36138685269777693,0.1649802858282114,0.1616171137613865,0.07378142681184517,0.018581617241905057,0.00047723922876902625,0.0002134278714114232,0.05,Along_DV
ecadGFPnbG4,4hAPF,-12.889441073530605,12.575510304893761,-1.7657204970702083,0.3643200320982051,0.14348311992829113,0.1629288714672984,0.06416760195668274,0.01907343285754267,0.0004159413559232296,0.00018601462929955523,0.05,Along_DV
ecadGFPnbG4,4hAPF,-10.858713609390087,10.605993069394705,-1.269424103015372,0.36674727317748745,0.12184557132975689,0.16401436667750943,0.054490996050127166,0.019532547153588563,0.00035538370707586246,0.00015893242542350028,0.05,Along_DV
ecadGFPnbG4,4hAPF,-8.827986145249561,8.618494626700802,-0.8516560302190579,0.3686645815243367,0.09997057704926428,0.16487181303698595,0.044708201206407054,0.019949647413952255,0.0003415534183067251,0.00015274733225625168,0.05,Along_DV
ecadGFPnbG4,4hAPF,-6.797258681109035,6.615939192824586,-0.5147601384528745,0.3700940737787888,0.07774121140804244,0.16551110140783884,0.03476692667231301,0.02031333924160847,0.0003963956863442808,0.00017727354013069937,0.05,Along_DV
ecadGFPnbG4,4hAPF,-4.766531216968517,4.601455577545802,-0.2607471975769031,0.3710744615276291,0.05502213764150768,0.1659495441379818,0.024606648006752222,0.02061043977579306,0.000489044991535715,0.00021870756902593358,0.05,Along_DV
ecadGFPnbG4,4hAPF,-2.735803752827991,2.5783373161041476,-0.09123036108757246,0.3716516307089195,0.03170488009558852,0.16620766204275847,0.014178853422443191,0.020826457168376063,0.0005778204866916412,0.00025840917740690446,0.05,Along_DV
ecadGFPnbG4,4hAPF,-0.7050762886874651,0.5500028008921231,-0.00736063966554167,0.3718693909688218,0.008541844544344526,0.1663050473915464,0.003820029010878015,0.020946237657006317,0.0006329077484296482,0.0002830449497950058,0.05,Along_DV
ecadGFPnbG4,4hAPF,1.3256511754530607,-1.4800446001069374,-0.00976249270584611,0.37176038163744496,0.019126641812548115,0.1662562969365183,0.008553694254829474,0.020956047803428808,0.0006349862049025845,0.00028397446378735785,0.05,Along_DV
ecadGFPnbG4,4hAPF,3.3563786395935864,-3.50825772439961,-0.09848098705891621,0.3713387666968601,0.04525026301292108,0.16606774500302285,0.020236532819327194,0.020859041793755244,0.0005861599567663648,0.00026213870180358587,0.05,Along_DV
ecadGFPnbG4,4hAPF,5.387106103734098,-5.53109340993223,-0.2729878268070881,0.3706017194440349,0.07269331432324622,0.16573812745103353,0.03250943846730753,0.020669208532283167,0.0005033764697385332,0.00022511680092184518,0.05,Along_DV
ecadGFPnbG4,4hAPF,7.417833567874624,-7.5450652872877155,-0.5322318642812691,0.3695373527207324,0.10104345035289154,0.16526212818177488,0.04518800473403812,0.020399829794493847,0.0004083146110752185,0.0001826038453141154,0.05,Along_DV
ecadGFPnbG4,4hAPF,9.44856103201515,-9.546797064688501,-0.8746939976195034,0.3681329743635662,0.12996796616473216,0.16463407108722428,0.058123441448346747,0.02006267145929058,0.0003289379287628526,0.00014710551381834434,0.05,Along_DV
ecadGFPnbG4,4hAPF,11.479288496155675,-11.533075813563771,-1.2984420733472517,0.36638295312943187,0.15908040827778572,0.1638514377989058,0.07114292135950982,0.019667509009971128,0.0002954187142376691,0.0001321152653722026,0.05,Along_DV
ecadGFPnbG4,4hAPF,13.5100159602962,-13.500905254116617,-1.8011857889576635,0.36429602841452735,0.18796168516715092,0.1629181366936156,0.08405902103983268,0.019221815255647545,0.00031334872339179874,0.00014013380923336808,0.05,Along_DV
ecadGFPnbG4,4hAPF,15.540743424436727,-15.44755904089124,-2.3803315954918562,0.3619017463255697,0.21619890372603903,0.1618473811919717,0.09668708907847116,0.0187306064237215,0.0003527463638126361,0.00015775296966018523,0.05,Along_DV
ecadGFPnbG4,4hAPF,17.571470888577238,-17.370634048135166,-3.0330376000101027,0.3592555564122786,0.24342661017754655,0.16066396908647307,0.10886368957786724,0.018196421909462725,0.0003820291332972939,0.0001708486222876155,0.05,Along_DV
ecadGFPnbG4,4hAPF,19.602198352717764,-19.26810193845018,-3.756268331775523,0.3564415801132078,0.26936416888340764,0.15940552062811397,0.12046331846520661,0.01762152847427914,0.0003888291340778261,0.00017388967508607983,0.05,Along_DV
ecadGFPnbG4,4hAPF,21.63292581685829,-21.138332243868135,-4.546848037249774,0.35356777296873176,0.29383164790008914,0.15812031500225937,0.13140550772907653,0.017013592205709326,0.00038205029523602474,0.00017085808619432308,0.05,Along_DV
ecadGFPnbG4,4hAPF,23.663653280998815,-22.98006050088848,-5.4015117281216884,0.3507526714804609,0.31673530745932366,0.15686136334399248,0.14164833567066878,0.016383172576842884,0.0003746095942598009,0.00016753050355770597,0.05,Along_DV
ecadGFPnbG4,4hAPF,25.69438074513934,-24.79233974624044,-6.316955614324229,0.3481119583778155,0.3380467374381818,0.15568040054267457,0.1511790968967595,0.015742452011886433,0.00037605111445382193,0.0001681751709866599,0.05,Along_DV
ecadGFPnbG4,4hAPF,27.725108209279867,-26.574491584446555,-7.289887517664529,0.34574727372157565,0.35778470113049893,0.15462288141533395,0.16000618260744828,0.015104727789514698,0.0003882750279120277,0.00017364187127538443,0.05,Along_DV
ecadGFPnbG4,4hAPF,29.75583567342038,-28.32605725538621,-8.317077285453902,0.3437381999373645,0.3760008482927344,0.1537243963046722,0.16815269127602797,0.014484004374335186,0.0004054899421585563,0.00018134061497179793,0.05,Along_DV
ecadGFPnbG4,4hAPF,31.786563137560904,-30.046748701859332,-9.395407204137904,0.3421379372606992,0.39276904547917235,0.1530087370792963,0.17565165702982716,0.013894685899237832,0.0004181892351485418,0.00018701991145015677,0.05,Along_DV
ecadGFPnbG4,4hAPF,33.81729060170143,-31.73639963714978,-10.521922412926314,0.34097255858746184,0.4081769995924085,0.15248756389271886,0.18254230358810586,0.013351353794276924,0.00041714721380974284,0.0001865539053406448,0.05,Along_DV
ecadGFPnbG4,4hAPF,35.848018065841956,-33.394916675671354,-11.693881236428016,0.3402430571202934,0.42231818041561675,0.15216132091866397,0.1888664319086679,0.012867573371122182,0.0003962654716313675,0.00017721530634075045,0.05,Along_DV
ecadGFPnbG4,4hAPF,37.87874552998248,-35.02223475427701,-12.908798132017637,0.33992944577841966,0.43528378901807707,0.15202106966287504,0.19466482834961935,0.012445137847283957,0.0003583079362322803,0.00016024018045860772,0.05,Along_DV
ecadGFPnbG4,4hAPF,39.90947299412301,-36.61829270152022,-14.164449256429538,0.33999905999494373,0.4471609949257319,0.1520522020869447,0.199976476308075,0.012078081671127856,0.0003115642025452599,0.0001393357472493428,0.05,Along_DV
ecadGFPnbG4,4hAPF,41.94020045826353,-38.183023873265064,-15.458849321419033,0.34041679656458984,0.4580359488702679,0.15223901956022795,0.2048399035625074,0.011760597215511395,0.0002639947950342441,0.00011806206148053874,0.05,Along_DV
ecadGFPnbG4,4hAPF,43.970927922404044,-39.71634839406424,-16.79022544238705,0.34115350180230736,0.46799724462071146,0.15256848415841126,0.20929473045090172,0.011487302069505916,0.0002204390663077345,9.858334743213558e-05,0.05,Along_DV
ecadGFPnbG4,4hAPF,46.00165538654457,-41.21816540351003,-18.156990980019955,0.3421929424051854,0.47714092925908186,0.15303333612773298,0.21338391053414507,0.011253305874692929,0.0001801442193982034,8.056294406560381e-05,0.05,Along_DV
ecadGFPnbG4,4hAPF,48.032382850685096,-42.68834530258529,-19.557719381929285,0.34353818164001365,0.4855774559872934,0.15363494540274814,0.21715683998580004,0.01105426205021119,0.00013663284243212086,6.110406472744799e-05,0.05,Along_DV
ecadGFPnbG4,4hAPF,50.06311031482562,-44.126722000014446,-20.991118024291612,0.3452178888538555,0.4934395571656495,0.15438613330523757,0.22067287852195713,0.010886393291670435,8.320387081318478e-05,3.7209902225878374e-05,0.05,Along_DV
ecadGFPnbG4,4hAPF,52.09383777896615,-45.5330851577642,-22.45600205099405,0.34729276036836887,0.5008892679730751,0.15531404405544352,0.22400449047758084,0.010746474751515652,5.7639753713321534e-05,2.5777281501866573e-05,0.05,Along_DV
ecadGFPnbG4,4hAPF,54.12456524310667,-46.90717124588062,-23.951269650898517,0.3498615625261112,0.508119813072508,0.15646284730453555,0.2272380885489228,0.010638833957169283,0.00014498746677515232,6.484036631894655e-05,0.05,Along_DV
ecadGFPnbG4,4hAPF,56.155292707247185,-48.248634999683524,-25.47590455103942,0.3530558287738808,0.5153313316978081,0.15789136659818473,0.2304631777223582,0.010585990832822323,0.00024330789007644205,0.00010881059633459418,0.05,Along_DV
ecadGFPnbG4,4hAPF,58.18602017138771,-49.55698047256305,-27.029026671006324,0.35700796876264135,0.5226856929208054,0.1596588173324775,0.23375214804750027,0.010613068364138127,0.00030094897141765757,0.00013458847156970472,0.05,Along_DV
ecadGFPnbG4,4hAPF,60.216747635528236,-50.83147812041634,-28.609953606005615,0.36180826338543454,0.5302662678731032,0.16180557435019596,0.23714228422787428,0.01074521976442732,0.0002864511650269235,0.00012810485544684227,0.05,Along_DV
ecadGFPnbG4,4hAPF,62.24747509966876,-52.07108137296793,-30.218262055947328,0.3674581536249785,0.5380375419799514,0.16433228207840253,0.2406177036628136,0.011007431966896648,0.0001969487623299427,8.807816413084034e-05,0.05,Along_DV
ecadGFPnbG4,4hAPF,64.27820256380927,-53.27434320506668,-31.853849254509278,0.373820521912148,0.5457941859870812,0.1671776196760025,0.24408658031825534,0.011423813230388102,0.0002505359679708163,0.00011204309103829107,0.05,Along_DV
ecadGFPnbG4,4hAPF,66.30893002794981,-54.439332707982736,-33.516994398201206,0.38057094192256447,0.5530970048664392,0.17019649927999572,0.247352500206578,0.012016055466948582,0.0006433111166301408,0.00028769747749325805,0.05,Along_DV
ecadGFPnbG4,4hAPF,68.33965749209031,-55.563551660704306,-35.2084200754288,0.3871607317210497,0.559218060686544,0.17314354286936526,0.25008991958814303,0.012800787464483866,0.0012460997698190547,0.0005572727584124494,0.05,Along_DV
ecadGFPnbG4,wL3,-58.69604498096071,52.0534180263645,-24.403397742502413,0.7102465690384393,1.0813874169427204,0.31763192183118955,0.4836111548593661,0.012936037559845636,0.0014721957387471328,0.000658385949604822,0.1,Across_DV
ecadGFPnbG4,wL3,-56.663163649767725,50.645065713558814,-22.937632906032157,0.6816824924880837,1.051154117725282,0.30485767845496897,0.4700904124125094,0.013021815630206268,0.0006841601853701637,0.00030596573639730864,0.1,Across_DV
ecadGFPnbG4,wL3,-54.63028231857475,49.19851050221857,-21.509741523602816,0.6545585844413214,1.0207619921103848,0.29272749801336617,0.45649864064138485,0.013043298024900469,0.0002314170459534086,0.00010349284918080284,0.1,Across_DV
ecadGFPnbG4,wL3,-52.59740098738177,47.714704477540124,-20.120778299805647,0.6286845274519512,0.9898002774165694,0.2811562679569791,0.4426521408903198,0.013018321638349956,0.00019873702045099817,8.887789747483956e-05,0.1,Across_DV
ecadGFPnbG4,wL3,-50.56451965618879,46.194724458623696,-18.771606440244494,0.6039307249054952,0.95805135934838,0.27008603091788247,0.4284535930878113,0.01296470441566811,0.00024736896544970107,0.00011062676445386568,0.1,Across_DV
ecadGFPnbG4,wL3,-48.53163832499581,44.63973159814333,-17.462964381213656,0.5802156576860008,0.9254467536083959,0.2594803304391292,0.4138723701249744,0.012900994032115138,0.00020566031357585415,9.197408828590654e-05,0.1,Across_DV
ecadGFPnbG4,wL3,-46.49875699380283,43.05093091762943,-16.195532550359225,0.5575018531134232,0.8920242046888657,0.24932240822874338,0.39892535185189804,0.012846711946715206,0.00011824843785924707,5.288230905728723e-05,0.1,Across_DV
ecadGFPnbG4,wL3,-44.46587566260985,41.42952991402071,-14.969999835041673,0.5357920411331788,0.8578806491030634,0.23961348515543024,0.38365588959521874,0.01281774633351177,6.967504131734055e-05,3.1159625744135995e-05,0.1,Across_DV
ecadGFPnbG4,wL3,-42.43299433141687,39.776707372122864,-13.78710967965145,0.5151154540189264,0.8231259004319387,0.23036663428939735,0.36811309348130766,0.012809750641490467,0.00010037688150643397,4.488990608356557e-05,0.1,Across_DV
ecadGFPnbG4,wL3,-40.4001130002239,38.093618546519835,-12.64764822940922,0.4955025760791289,0.7878450100616925,0.22159548862783868,0.35233499964639003,0.012814714236369804,0.00011974149889441332,5.3550026251124816e-05,0.1,Across_DV
ecadGFPnbG4,wL3,-38.367231669030915,36.381411303723404,-11.552417070656194,0.47697466532300664,0.752086287137635,0.2133095550414909,0.33634321259703553,0.01282890264943965,0.00011290763511330759,5.0493829458419585e-05,0.1,Across_DV
ecadGFPnbG4,wL3,-36.33435033783793,34.64123394333769,-10.502218140032603,0.4595465034365168,0.715869122002858,0.20551544410127845,0.3201464039582962,0.012848513546524984,8.576545133250649e-05,3.8355475860086884e-05,0.1,Across_DV
ecadGFPnbG4,wL3,-34.30146900664495,32.87424203315966,-9.497839977690154,0.4432287281082934,0.6791929710818393,0.19821791312618314,0.3037443306358083,0.012869684708132087,4.702854397312963e-05,2.1031804241351178e-05,0.1,Across_DV
ecadGFPnbG4,wL3,-32.268587675451975,31.081605244076496,-8.540043980775549,0.4280283744640412,0.6420459623423767,0.19142010832006623,0.28713168329536487,0.012888535356714081,9.19489437569931e-06,4.1120817739988295e-06,0.1,Across_DV
ecadGFPnbG4,wL3,-30.235706344258993,29.26451418445945,-7.629550670274557,0.4139476493549504,0.6044134334825693,0.18512301661678318,0.27030190475621446,0.012901318231094425,3.1512518449920316e-05,1.4092826679247626e-05,0.1,Across_DV
ecadGFPnbG4,wL3,-28.202825013066015,27.424186727712765,-6.767027044447933,0.40098153029962746,0.5662861018894099,0.17932439189437172,0.2532508437076185,0.012906789616112541,5.328226326334751e-05,2.382855253037696e-05,0.1,Across_DV
ecadGFPnbG4,wL3,-26.169943681873036,25.5618696388414,-5.953082400116072,0.3891172677510224,0.5276661405465348,0.17401853238205456,0.23597947193740196,0.01290682052164981,6.21361648006853e-05,2.7788137671092397e-05,0.1,Across_DV
ecadGFPnbG4,wL3,-24.137062350680054,23.678834977721802,-5.188273492849035,0.37833490311877693,0.48856905726583333,0.16919651232687646,0.21849472474987816,0.01290284671103673,6.0635578717457946e-05,2.7117055173455094e-05,0.1,Across_DV
ecadGFPnbG4,wL3,-22.10418101948708,21.776376736045197,-4.473109597218601,0.36860649874921364,0.44902169950574927,0.16484583763028657,0.2008086086934678,0.012896287844355842,5.177401599497888e-05,2.315404384658684e-05,0.1,Across_DV
ecadGFPnbG4,wL3,-20.071299688294097,19.855807725904214,-3.8080571859624577,0.35989583241939327,0.40905960091092164,0.16095030922172718,0.18293701489715114,0.01288856988266858,3.873595054470297e-05,1.7323243718205167e-05,0.1,Across_DV
ecadGFPnbG4,wL3,-18.038418357101122,17.918456469356833,-3.1935446077073317,0.35215898071538865,0.36872425644521467,0.1574902839533293,0.164898500472913,0.012881105197051632,2.5208349595730247e-05,1.1273516659326435e-05,0.1,Across_DV
ecadGFPnbG4,wL3,-16.00553702590814,15.96566408799022,-2.629966764692065,0.3453458561938776,0.3280604331329508,0.1544433620394754,0.14671308584266046,0.012875273854240471,1.6510371426771344e-05,7.383662568806183e-06,0.1,Across_DV
ecadGFPnbG4,wL3,-13.972655694715158,13.998781200751997,-2.11768976676199,0.33940267349272374,0.2871137325566602,0.15178548993497926,0.12840116465407733,0.012872239086216578,1.662235438979021e-05,7.4337428723325885e-06,0.1,Across_DV
ecadGFPnbG4,wL3,-11.939774363522183,12.019165252511623,-1.6570545225964832,0.3342748342685132,0.2459292305015428,0.14949225051837434,0.10998289541113287,0.012871883410822915,1.9695723567148462e-05,8.80819535243772e-06,0.1,Across_DV
ecadGFPnbG4,wL3,-9.9068930323292,10.028179357590563,-1.2483763019748277,0.32990906222136546,0.20455292147541923,0.14753981790403617,0.09147884748304279,0.012873541257481563,2.1851226226091172e-05,9.77216544665321e-06,0.1,Across_DV
ecadGFPnbG4,wL3,-7.874011701136219,8.027191777277455,-0.8919420368582998,0.32625515471561894,0.16303788449494722,0.14590574079076699,0.07291275852769219,0.012876532333731339,2.2795591184899504e-05,1.0194498295346053e-05,0.1,Across_DV
ecadGFPnbG4,wL3,-5.841130369943244,6.017575363958165,-0.5880075274961174,0.3232674884524059,0.1214626440755492,0.14456961581904157,0.05431974577595802,0.012880154580873035,2.305669436672775e-05,1.0311267188087942e-05,0.1,Across_DV
ecadGFPnbG4,wL3,-3.8082490387502617,4.000707003517094,-0.33679465066353426,0.32090615916413706,0.08000493832076094,0.14351359725787552,0.03577929612417987,0.012883692790885503,2.3050788044637837e-05,1.0308625800549932e-05,0.1,Across_DV
ecadGFPnbG4,wL3,-1.7753677075572796,1.9779670577386035,-0.1384885678999387,0.31913775285939605,0.03947476493538162,0.1427227419160275,0.017653651558267678,0.01288642751237139,2.272908851588443e-05,1.0164757397625479e-05,0.1,Across_DV
ecadGFPnbG4,wL3,0.2575136236356954,-0.049261193291694705,0.006765066251755625,0.31793577492367026,0.0158371687940533,0.14218520104167992,0.007082597198928309,0.012887644634708114,2.1570877600502257e-05,9.646789729810118e-06,0.1,Across_DV
ecadGFPnbG4,wL3,2.2903949548286775,-2.0795921101073582,0.09886282368038572,0.31728079556404887,0.04995164931665631,0.1418922853672854,0.022339056692054885,0.01288691747544866,1.901471860556575e-05,8.503640675015005e-06,0.1,Across_DV
ecadGFPnbG4,wL3,4.3232762860216525,-4.111638276524859,0.13774492291459367,0.31716059810456,0.09110173087098616,0.1418385314292574,0.04074193261908324,0.012884592871329145,1.5193707261694267e-05,6.7948324534761134e-06,0.1,Across_DV
ecadGFPnbG4,wL3,6.356157617214635,-6.144011129667698,0.1233940577972299,0.3175706296545812,0.13290449336455987,0.14202190311301083,0.05943669633566512,0.012881168049264641,1.0855685103026763e-05,4.85480996653993e-06,0.1,Across_DV
ecadGFPnbG4,wL3,8.389038948407617,-8.175321604569469,0.05583342840002033,0.31851443263684737,0.1748673061013852,0.14244398463815366,0.0782030366969922,0.01287715628280985,7.75863192455049e-06,3.469765679138983e-06,0.1,Across_DV
ecadGFPnbG4,wL3,10.421920279600599,-10.204180779146906,-0.06487524830252929,0.3200038837796195,0.21685706993187698,0.1431100874390343,0.09698142995382052,0.012873080032290795,8.471200377368099e-06,3.7884359789633876e-06,0.1,Across_DV
ecadGFPnbG4,wL3,12.454801610793567,-12.229200519172883,-0.23863372775922964,0.3220592039978998,0.2588101293657497,0.14402925458375518,0.11574340850546617,0.012869464160723057,1.1647221720183873e-05,5.208795903068634e-06,0.1,Across_DV
ecadGFPnbG4,wL3,14.487682941986549,-14.24899412324947,-0.46530922716830964,0.32470870973191246,0.30068365768023075,0.14521414956936074,0.13446981965925453,0.012866829298666515,1.4441369698809177e-05,6.458376866948596e-06,0.1,Across_DV
ecadGFPnbG4,wL3,16.52056427317953,-16.262176967780892,-0.7447364148035059,0.32798828213331277,0.3424426372567657,0.14668081893469342,0.15314500306008605,0.012865685393179388,1.539317099341254e-05,6.884035346109681e-06,0.1,Across_DV
ecadGFPnbG4,wL3,18.553445604372513,-18.26736715232323,-1.076719395547001,0.33194053941473683,0.3840552943928764,0.14844832212385994,0.1717547490762331,0.012866495537728825,1.361652045043977e-05,6.089493068839876e-06,0.1,Across_DV
ecadGFPnbG4,wL3,20.586326935565495,-20.263186203109782,-1.4610334244316552,0.3366136561689497,0.4254909390510899,0.1505382034697026,0.19028533270569137,0.012869237121233954,9.179910711858387e-06,4.105380875818767e-06,0.1,Across_DV
ecadGFPnbG4,wL3,22.619208266758463,-22.24826028047716,-1.8974248838509564,0.342059510812134,0.46671846312065557,0.15297366370525117,0.20872284197840288,0.012873303518279788,4.884356567831815e-06,2.1843506624039e-06,0.1,Across_DV
ecadGFPnbG4,wL3,24.652089597951445,-24.2212220366092,-2.3856093204187356,0.3483312515899444,0.5077057263331098,0.15577847144853946,0.22705290332934772,0.01287800463224569,8.91912770986293e-06,3.988755171851106e-06,0.1,Across_DV
ecadGFPnbG4,wL3,26.684970929144427,-26.180712606802814,-2.92526911436975,0.35548082738962306,0.5484193937827212,0.15897585894821326,0.24526060893547802,0.012882621282108023,1.656412957794148e-05,7.407703944878409e-06,0.1,Across_DV
ecadGFPnbG4,wL3,28.71785226033741,-28.125383602559204,-3.5160511443421685,0.3635566856991444,0.5888249309868105,0.1625874925795625,0.26333051450662615,0.012886414286691319,2.377320320929823e-05,1.06316996837814e-05,0.1,Across_DV
ecadGFPnbG4,wL3,30.75073359153039,-30.053899104674873,-4.157564452160039,0.3726017499509253,0.6288866829852345,0.16663256828512957,0.28124667465986897,0.01288863392671726,2.9191343520831005e-05,1.3054765693425235e-05,0.1,Across_DV
ecadGFPnbG4,wL3,32.78361492272337,-31.964937656332733,-4.849377907615759,0.3826517663173512,0.6685679928632001,0.17112707223919232,0.2989926959245419,0.012888529750458672,3.181382634374084e-05,1.422757566579562e-05,0.1,Across_DV
ecadGFPnbG4,wL3,34.81649625391634,-33.85719425569215,-5.591017874362065,0.3937340798197575,0.7078313303813552,0.17608323350706118,0.31655179426736446,0.012885379169978247,3.08823956153416e-05,1.3811027180789053e-05,0.1,Across_DV
ecadGFPnbG4,wL3,36.84937758510932,-35.729382267364564,-6.381966054656099,0.40586699705349927,0.7466387149754632,0.18150923904706623,0.3339069842636452,0.012878848440780527,2.608163538734137e-05,1.1664061938091871e-05,0.1,Across_DV
ecadGFPnbG4,wL3,38.882258916302305,-37.58023460122725,-7.22165885142859,0.419060522474562,0.784953817732011,0.1874095629879398,0.3510420191293513,0.012869749895274877,1.975676693478467e-05,8.835494776359736e-06,0.1,Across_DV
ecadGFPnbG4,wL3,40.91514024749529,-39.408502889283085,-8.109490478655987,0.43331862847810604,0.8227443420805908,0.19378598183880427,0.3679424553991083,0.012859771681017752,1.8230797278225044e-05,8.15306039962587e-06,0.1,Across_DV
ecadGFPnbG4,wL3,42.94802157868827,-41.21295503163755,-9.044818929678236,0.4486418353445663,0.8599830663426431,0.2006387282761436,0.38459611916817227,0.012850680553847759,2.465262137960333e-05,1.1024987445671538e-05,0.1,Across_DV
ecadGFPnbG4,wL3,44.98090290988124,-42.99237247692957,-10.026972375849839,0.4650295650377544,0.8966486046680279,0.20796754379431567,0.4009934463936091,0.012844246841517476,3.359913952104832e-05,1.5025991990912754e-05,0.1,Across_DV
ecadGFPnbG4,wL3,47.01378424107422,-44.74554749887427,-11.05525557013709,0.4824822419734734,0.9327261799359835,0.21577261819783775,0.4171278285461119,0.012842221787710573,4.0772064852498834e-05,1.8233821718643466e-05,0.1,Across_DV
ecadGFPnbG4,wL3,49.0466655722672,-46.47128047280561,-12.128956250715232,0.5010031073394077,0.9682084011373887,0.22405540098990787,0.43299596026591713,0.01284631541810268,4.4160313306940664e-05,1.9749092492401572e-05,0.1,Across_DV
ecadGFPnbG4,wL3,51.079546903460184,-48.16837715233819,-13.247351544369167,0.5205997304575468,1.0030960198399232,0.23281927727422846,0.4485981776643092,0.012858160462775303,4.355825261658777e-05,1.9479842766359667e-05,0.1,Across_DV
ecadGFPnbG4,wL3,53.112428234653166,-49.83564617766952,-14.40971398768986,0.5412848001531345,1.037397971604314,0.24206992166595945,0.4639384768455285,0.012878049411787173,4.073835437997907e-05,1.82187459370219e-05,0.1,Across_DV
ecadGFPnbG4,wL3,55.14530956584615,-51.47189937643088,-15.615312939223596,0.5630715860467955,1.0711234074870783,0.25181326851985136,0.47902095028646285,0.012903537440615379,3.8493495759549426e-05,1.7214814641990484e-05,0.1,Across_DV
ecadGFPnbG4,wL3,57.178190897039116,-53.07595777978853,-16.863406558787453,0.5859612440541618,1.1042630295525349,0.26204983477709004,0.4938414398238654,0.012928312909336529,4.2781645298272624e-05,1.913253341524437e-05,0.1,Across_DV
ecadGFPnbG4,wL3,59.2110722282321,-54.64666587219072,-18.153221059844917,0.6099289428870098,1.136774030832936,0.27276851554798814,0.5083808015997773,0.01294324280059618,5.2067572840403254e-05,2.3285326458912696e-05,0.1,Across_DV
ecadGFPnbG4,wL3,61.24395355942508,-56.18291275455498,-19.483920774239103,0.6349141338545549,1.1685718133587817,0.28394223263483703,0.5226012022520865,0.012939096556074604,6.648540713711486e-05,2.97331779740677e-05,0.1,Across_DV
ecadGFPnbG4,wL3,63.27683489061806,-57.68365478174127,-20.854576591144355,0.6608135656663249,1.1995234189472201,0.2955248106567847,0.5364431810737886,0.012906979516308977,9.887176011032579e-05,4.4216795332348115e-05,0.1,Across_DV
ecadGFPnbG4,wL3,65.30971622181104,-59.14793823933694,-22.26413435754273,0.6874756314281526,1.2294409975939722,0.307448448949588,0.5498227289890554,0.01283843864104021,0.00016530542215013408,7.392683219539984e-05,0.1,Across_DV
ecadGFPnbG4,wL3,67.34259755300403,-60.574922020441534,-23.7113832787005,0.7146957338944615,1.2580752419905818,0.31962164884342326,0.5626283523800878,0.012725523298572012,0.00027422406740907143,0.00012263673115863366,0.1,Across_DV
ecadGFPnbG4,0hAPF,-58.95078184532971,52.837445152870316,-23.369614352497422,0.6893006704801093,1.0643587270705468,0.3082646312259414,0.47599569323497765,0.014372160417749672,0.0019900460711920085,0.0008899756587083434,0.1,Across_DV
ecadGFPnbG4,0hAPF,-56.91059028369405,51.38396783788441,-21.938306651807352,0.6607553056334653,1.0294065936092758,0.2954987559780156,0.4603646239593682,0.013563352185753158,0.0010234506766948663,0.00045770105694157616,0.1,Across_DV
ecadGFPnbG4,0hAPF,-54.87039872205839,49.892708619302034,-20.549125638133013,0.633785347387617,0.9975047960499246,0.28343742398040606,0.446097706369939,0.013016674107362684,0.0003583629138469469,0.00016026476719533476,0.1,Across_DV
ecadGFPnbG4,0hAPF,-52.83020716042273,48.36471937784982,-19.199792161988324,0.6082566754518591,0.9661101978602371,0.2720206548156769,0.4320576152342524,0.012719017731077142,0.0001459659348507443,6.527795054511398e-05,0.1,Across_DV
ecadGFPnbG4,0hAPF,-50.79001559878707,46.80125356538052,-17.889801440572633,0.5840770969319333,0.9337266446525032,0.26120721856810736,0.4175752499691575,0.012624459159105863,0.000275650740000563,0.00012327475853787586,0.1,Across_DV
ecadGFPnbG4,0hAPF,-48.74982403715141,45.20369418574276,-16.619875673293894,0.5611818937738405,0.8997173547152622,0.25096817244407466,0.4023658331359234,0.012665419476863431,0.0002705290483221565,0.00012098426838733345,0.1,Across_DV
ecadGFPnbG4,0hAPF,-46.70963247551576,43.573481795260115,-15.391417412187593,0.5395277641689346,0.864124106646097,0.24128415128604258,0.3864480486913901,0.012761340825722816,0.0001614113810183542,7.218536405983183e-05,0.1,Across_DV
ecadGFPnbG4,0hAPF,-44.669440913880095,41.91204382108895,-14.205985447198277,0.5190907661972028,0.8274470439939255,0.2321444479418791,0.3700455676303353,0.012834619691323625,8.30370376501276e-05,3.713529216717894e-05,0.1,Across_DV
ecadGFPnbG4,0hAPF,-42.62924935224444,40.22074155451894,-13.064863083389634,0.49986190825229015,0.7903224169698633,0.22354504124297678,0.3534429296973095,0.012829706490513588,0.00016670729807808214,7.455377016958234e-05,0.1,Across_DV
ecadGFPnbG4,0hAPF,-40.58905779060878,38.500864356549855,-11.96882924832639,0.48183013312710815,0.7532298476946573,0.21548098625599743,0.33685462842541336,0.012746212490628234,0.00022621981190818283,0.00010116857545678264,0.1,Across_DV
ecadGFPnbG4,0hAPF,-38.548866228973125,36.75364755288068,-10.918201103237612,0.46497601392869375,0.7164174141305685,0.20794359501028964,0.3203916076521139,0.012606289849508618,0.00023864153429608014,0.00010672373858817651,0.1,Across_DV
ecadGFPnbG4,0hAPF,-36.50867466733746,34.980287105605036,-9.912984224406468,0.44927595617264093,0.6799389627800112,0.20092231573164826,0.3040779482653609,0.01243655328958327,0.0002109905330388529,9.435783489675807e-05,0.1,Across_DV
ecadGFPnbG4,0hAPF,-34.46848310570181,33.18195357164786,-8.95302916882226,0.4347056925499679,0.643698255168112,0.1944062957495704,0.2878706111107807,0.012267477829779865,0.0001538764286184993,6.88156309051717e-05,0.1,Across_DV
ecadGFPnbG4,0hAPF,-32.42829154406615,31.35980606101908,-8.03818804104727,0.4212419296030855,0.6074923815387869,0.18838511791313603,0.27167885218679316,0.012132731345476,7.968722012299538e-05,3.5637208226601364e-05,0.1,Across_DV
ecadGFPnbG4,0hAPF,-30.38809998243049,29.515006170793406,-7.168470660845562,0.4088621518630711,0.5710553369005117,0.18284871299853386,0.25538371044471764,0.012066734823112144,1.7222855581784184e-05,7.702295169506225e-06,0.1,Across_DV
ecadGFPnbG4,0hAPF,-28.34790842079483,27.648730786074044,-6.344187648825605,0.39754236939131943,0.5341186180548592,0.17778635237906437,0.2388651076037823,0.012090809441174282,6.050426347859047e-05,2.7058329213337236e-05,0.1,Across_DV
ecadGFPnbG4,0hAPF,-26.30771685915917,25.762177972260826,-5.566020653369916,0.38725526584116127,0.49650232234698405,0.17318581981311776,0.22204258875087385,0.012194136500838153,8.52341964902384e-05,3.811789147194941e-05,0.1,Across_DV
ecadGFPnbG4,0hAPF,-24.267525297523513,23.856564984266225,-4.834960491993288,0.37796959101906724,0.458153037291206,0.16903313978928566,0.20489226709622654,0.012350145558470313,8.300238553490812e-05,3.711979527013996e-05,0.1,Across_DV
ecadGFPnbG4,0hAPF,-22.227333735887854,21.933125295464233,-4.152178153688427,0.3696487462505219,0.41912658997426855,0.1653119448827475,0.18743910927202925,0.012529852000208999,5.889132433268276e-05,2.6337000898573217e-05,0.1,Across_DV
ecadGFPnbG4,0hAPF,-20.187142174252195,19.993105774403222,-3.5188898442373757,0.36225002359680275,0.37956459360419587,0.16200313552267076,0.16974644663021277,0.012702358876527795,2.1252261830040606e-05,9.504300425518974e-06,0.1,Across_DV
ecadGFPnbG4,0hAPF,-18.146950612616536,18.037763862395614,-2.936222018441633,0.3557248010907075,0.33967089977823167,0.15908496730428265,0.15190544437652884,0.0128350647436011,3.9504304239411374e-05,1.766686193663139e-05,0.1,Across_DV
ecadGFPnbG4,0hAPF,-16.106759050980877,16.0683647511076,-2.4050764123526003,0.3500196553929283,0.2996880741540291,0.1565335485839277,0.13402458117088137,0.01289397375959114,9.509254945266742e-05,4.2526680945984955e-05,0.1,Across_DV
ecadGFPnbG4,0hAPF,-14.066567489345218,14.086178577298691,-1.925995740806957,0.3450782736503228,0.25987321416845666,0.15432369548807925,0.11621883448240611,0.012847894581459704,0.00014687360881850708,6.568387468377889e-05,0.1,Across_DV
ecadGFPnbG4,0hAPF,-12.026375927709559,12.09247809800126,-1.49905626578777,0.3408438968742988,0.22045898731947922,0.15243002462537203,0.09859225637942393,0.012697483701693314,0.00018114325295279422,8.100972545357747e-05,0.1,Across_DV
ecadGFPnbG4,0hAPF,-9.986184366073907,10.088537198772446,-1.1238807558337955,0.3372616734422784,0.181613673648342,0.150828005604454,0.08122010398423098,0.012469711780958676,0.0001976530848710439,8.839314674683787e-05,0.1,Across_DV
ecadGFPnbG4,0hAPF,-7.945992804438248,8.075628953956699,-0.7997514715798546,0.3342808438466298,0.14344354687983799,0.1494949380834113,0.06414990435139911,0.012194493782076182,0.00019783282738551977,8.847353004300084e-05,0.1,Across_DV
ecadGFPnbG4,0hAPF,-5.905801242802589,6.055023450843432,-0.5257369679984576,0.33185635292859145,0.10601628082663214,0.14841067278269837,0.047411922130011414,0.011902894234559867,0.00018334650491637943,8.199504968600476e-05,0.1,Across_DV
ecadGFPnbG4,0hAPF,-3.86560968116693,4.027985610271399,-0.3008189943314908,0.3299498100519369,0.06943569404002477,0.14755804088785487,0.031052586387674476,0.011626577813419517,0.00015598704117139676,6.975952553366031e-05,0.1,Across_DV
ecadGFPnbG4,0hAPF,-1.825418119531271,1.9957730072330768,-0.12401939402190858,0.32852995408857033,0.03433539002344235,0.14692306199738564,0.01535525322527704,0.011397358904309977,0.00011758464695718314,5.258545274131506e-05,0.1,Across_DV
ecadGFPnbG4,0hAPF,0.21477344210438787,-0.04036630852028712,0.005472995376281801,0.32757280369985153,0.01404100243189974,0.14649501133061252,0.006279327181993536,0.01124686516352015,6.99667873679265e-05,3.1290098544391445e-05,0.1,Across_DV
ecadGFPnbG4,0hAPF,2.254965003740047,-2.0791959083300897,0.08817821151461261,0.3270616735683401,0.04246167378703259,0.14626642698673092,0.01898943780524516,0.01119546731686214,1.6267681254778306e-05,7.275128224396673e-06,0.1,Across_DV
ecadGFPnbG4,0hAPF,4.295156565375706,-4.11949148702095,0.1242538551823972,0.32698715199551615,0.07730916250925446,0.146233099926206,0.03457370853085424,0.011231255000510592,4.428691526552711e-05,1.9805710609498352e-05,0.1,Across_DV
ecadGFPnbG4,0hAPF,6.335348127011365,-6.160038055816701,0.11353347774342501,0.3273471038246195,0.11295288126609085,0.14639407527790613,0.050514064153088324,0.011336098416712372,0.00010208828438214627,4.565526871696183e-05,0.1,Across_DV
ecadGFPnbG4,0hAPF,8.375539688647017,-8.199626072645632,0.0556001910444646,0.32814686150243866,0.14915920950920103,0.14675173778453232,0.0667060263865413,0.01149156056686828,0.00015572040420726085,6.964028185823589e-05,0.1,Across_DV
ecadGFPnbG4,0hAPF,10.415731250282683,-10.237047543402443,-0.050138759974688606,0.3293995618599857,0.18601779616387676,0.147311962415515,0.0831896874494256,0.011679018340266734,0.0002009046558947839,8.984729351538812e-05,0.1,Across_DV
ecadGFPnbG4,0hAPF,12.455922811918335,-12.271092123210094,-0.20437742467115805,0.3311264945417165,0.22365043199973283,0.14808427018929823,0.10001951382971937,0.011879802609181507,0.00023350916177570773,0.0001044284718198956,0.1,Across_DV
ecadGFPnbG4,0hAPF,14.496114373554,-14.300543217681854,-0.4078365740889426,0.33335731460826123,0.2621488478123252,0.14908192325217115,0.11723652878632124,0.012075379717365947,0.00024949842602214943,0.00011157908817294571,0.1,Across_DV
ecadGFPnbG4,0hAPF,16.536305935189652,-16.324174084183106,-0.6611891283488576,0.3361299639700323,0.30154626281216346,0.15032188974230945,0.13485558840180287,0.012247581377258645,0.00024502899540784133,0.0001095802980380834,0.1,Across_DV
ecadGFPnbG4,0hAPF,18.57649749682532,-18.340743936740846,-0.9649856981184769,0.3394901412897028,0.34179712772499127,0.1518246067229567,0.1528563224214517,0.012379714357081932,0.00021782714572940118,9.74152610391388e-05,0.1,Across_DV
ecadGFPnbG4,0hAPF,20.61668905846097,-20.34899444767642,-1.3195873918395788,0.3434899511502275,0.38276818058443324,0.15361337607199815,0.17117913428214157,0.01246642904023095,0.00017357037030368928,7.762302937577201e-05,0.1,Across_DV
ecadGFPnbG4,0hAPF,22.656880620096636,-22.34764973848983,-1.7251409038273742,0.3481853033496019,0.4242570170052085,0.155713201411219,0.1897335059909861,0.012514600923373916,0.00011887110329691271,5.3160773506459235e-05,0.1,Across_DV
ecadGFPnbG4,0hAPF,24.69707218173229,-24.335421369842795,-2.181599644277129,0.3536330618779341,0.4660166354366203,0.15814951309009,0.20840897509640408,0.01253219180133891,6.0595686735107337e-05,2.7099214936596457e-05,0.1,Across_DV
ecadGFPnbG4,0hAPF,26.737263743367954,-26.31101455252533,-2.688754065769055,0.35988827938163426,0.5077775393288357,0.16094693140055402,0.22708501907736992,0.01252698454847139,2.198800049312981e-05,9.83333275838743e-06,0.1,Across_DV
ecadGFPnbG4,0hAPF,28.777455305003606,-28.27313438298459,-3.2462621418559303,0.3670015313245886,0.5492699703832571,0.16412807437765972,0.2456409983552518,0.012506480129060391,6.043453652760797e-05,2.7027146372885103e-05,0.1,Across_DV
ecadGFPnbG4,0hAPF,30.817646866639272,-30.22049207885384,-3.853679845650768,0.3750165430812076,0.5902462792451403,0.1677124966033117,0.2639661607716914,0.012477807814688794,0.0001006526928459908,4.5013252664408436e-05,0.1,Across_DV
ecadGFPnbG4,0hAPF,32.857838428274924,-32.15181121448124,-4.510491628414428,0.38396828301899677,0.6305033629165906,0.171715836406871,0.2819696759047433,0.012447647193116976,0.00012576502081716972,5.624382714777353e-05,0.1,Across_DV
ecadGFPnbG4,0hAPF,34.89802998991059,-34.06583395491132,-5.216140888464336,0.3938816507374439,0.669905099729499,0.17614922922775095,0.2995906682937871,0.012422026802224071,0.00013085255689882606,5.851904245108682e-05,0.1,Across_DV
ecadGFPnbG4,0hAPF,36.93822155154624,-35.96132702283463,-5.970058795812831,0.4047712733778503,0.7084019033496937,0.18101921652240482,0.31680696225603017,0.012404016560152883,0.00011583219192514304,5.180173102548441e-05,0.1,Across_DV
ecadGFPnbG4,0hAPF,38.978413113181894,-37.83708521527144,-6.771681803826081,0.41664476170719256,0.7460317542924028,0.18632920192929678,0.3336355431942466,0.012393666601861286,8.605083346443303e-05,3.848310262939719e-05,0.1,Across_DV
ecadGFPnbG4,0hAPF,41.01860467481756,-39.691927755171534,-7.620454898335348,0.4295082033790417,0.7829014390109753,0.19208190792986843,0.3501241674621893,0.012391264763794462,5.195075447065014e-05,2.3233083695754963e-05,0.1,Across_DV
ecadGFPnbG4,0hAPF,43.05879623645321,-41.52468789049384,-8.51583089050676,0.4433702945686364,0.8191614555088869,0.19828122357191535,0.3663401398131081,0.012397596961256668,4.019882147127682e-05,1.7977459485030615e-05,0.1,Across_DV
ecadGFPnbG4,0hAPF,45.09898779808888,-43.334201135143275,-9.457269854755026,0.45824566397175837,0.8549798943785909,0.2049336910070756,0.3823586326452239,0.012413797259023909,6.61172977183804e-05,2.9568554437378064e-05,0.1,Across_DV
ecadGFPnbG4,0hAPF,47.13917935972453,-45.11929348316585,-10.444238586155198,0.47415784705073466,0.8905163025662066,0.21204983561407817,0.39825099752196164,0.012441341749869743,9.596225806048544e-05,4.291562645952451e-05,0.1,Across_DV
ecadGFPnbG4,0hAPF,49.179370921360196,-46.87876962294391,-11.476210057854491,0.491141870803319,0.9258955514110279,0.2196453219425281,0.4140730786039419,0.012482043042854097,0.00011507201857405913,5.1461771167942927e-05,0.1,Across_DV
ecadGFPnbG4,0hAPF,51.21956248299585,-48.61140115162442,-12.552662878809624,0.5092464177072829,0.9611816804504828,0.2277419214583474,0.429853515242952,0.012538049394241982,0.00011749224122255261,5.254412764048612e-05,0.1,Across_DV
ecadGFPnbG4,0hAPF,53.259754044631514,-50.31591527823971,-13.67308143417734,0.5285346667239366,0.9963528743345116,0.23636788865198363,0.4455825513178547,0.012612523062917125,0.00010149355339628657,4.5389296934420284e-05,0.1,Across_DV
ecadGFPnbG4,0hAPF,55.299945606267165,-51.99098952754666,-14.836964193555946,0.5490738085863781,1.031290822067619,0.2455532721327698,0.46120727654296717,0.012708820875376264,7.356592302214819e-05,3.2899680941008025e-05,0.1,Across_DV
ecadGFPnbG4,0hAPF,57.34013716790283,-53.63525971002234,-16.043839837154373,0.570907821611661,1.0657950482151217,0.2553177396019995,0.4766380355783356,0.012820952876911998,5.895792076383757e-05,2.6366783727997425e-05,0.1,Across_DV
ecadGFPnbG4,0hAPF,59.38032872953848,-55.24734901190095,-17.29325865990973,0.5940304848009701,1.0996246505149645,0.26565850894442494,0.4917670936571819,0.012931920179551961,7.397143654168529e-05,3.308103210010405e-05,0.1,Across_DV
ecadGFPnbG4,0hAPF,61.42052029117415,-56.825914451354585,-18.58474965316725,0.6183675990476255,1.132572293787809,0.27654239731076496,0.5065017276684808,0.013022938614768814,8.401349962771036e-05,3.757197923904273e-05,0.1,Across_DV
ecadGFPnbG4,0hAPF,63.4607118528098,-58.36969686129949,-19.917768806602126,0.6437639213695976,1.164547431188373,0.2878999779288499,0.5208014438319921,0.01307515454166896,6.530220050146927e-05,2.920403188032123e-05,0.1,Across_DV
ecadGFPnbG4,0hAPF,65.50090341444547,-59.87757096131993,-21.291647170498624,0.6699720529097807,1.1956596184260448,0.29962061066627105,0.5347152369504192,0.013069919300085876,5.946037650548573e-05,2.6591488766799494e-05,0.1,Across_DV
ecadGFPnbG4,0hAPF,67.54109497608113,-61.348595429592116,-22.70553891802897,0.6966428729380557,1.2263015544225253,0.31154816398604823,0.5484187273204849,0.012988981773217511,0.00018261114164282893,8.166618523244162e-05,0.1,Across_DV
ecadGFPnbG4,2hAPF,-61.26514941005008,52.48991694123807,-27.7136999945918,0.7559966122382055,1.2629809157373115,0.33809196314483536,0.5648222363747125,0.013249755608064887,0.000477359405093999,0.00021348161589780822,0.1,Across_DV
ecadGFPnbG4,2hAPF,-59.20666644903373,51.16421591304444,-26.139403764074906,0.7266347571837565,1.230189038774226,0.3249609423753866,0.5501572631748588,0.012633128639176972,0.00031817359351029044,0.00014229155674687905,0.1,Across_DV
ecadGFPnbG4,2hAPF,-57.14818348801738,49.799580551083764,-24.602079667591806,0.6971216979494086,1.2001337440793578,0.3117623010409907,0.5367161267705559,0.012258682589941833,0.00024496357490142394,0.00010955104109818906,0.1,Across_DV
ecadGFPnbG4,2hAPF,-55.089700527001035,48.396163581138396,-23.09930796835074,0.6685596209636961,1.1707995421840756,0.2989889518972636,0.523597472869845,0.012115040389768154,0.00018989589980199394,8.492402812114945e-05,0.1,Across_DV
ecadGFPnbG4,2hAPF,-53.03121756598469,46.95448620154632,-21.63081231068001,0.641526685589445,1.1408228646829446,0.2868994556716268,0.5101914951434217,0.012161598464090267,0.00014257372858710108,6.376090978527262e-05,0.1,Across_DV
ecadGFPnbG4,2hAPF,-50.972734604968345,45.475349057647136,-20.197810905579388,0.6162102987091617,1.109422896118425,0.27557762326982727,0.4961490023030971,0.012335655279681357,0.00011930377243193107,5.3354269025992656e-05,0.1,Across_DV
ecadGFPnbG4,2hAPF,-48.914251643952,43.959743216098914,-18.80236772161856,0.5925423939196355,1.076333210337238,0.2649930144709526,0.4813508449509287,0.012556047404873982,0.0001088343122987387,4.8672184116884225e-05,0.1,Across_DV
ecadGFPnbG4,2hAPF,-46.85576868293565,42.408760618322376,-17.446752027540725,0.5703315990279703,1.0417233736324158,0.2550600450285389,0.46587285543849877,0.012743447563776203,9.608058112018756e-05,4.2968542140484455e-05,0.1,Across_DV
ecadGFPnbG4,2hAPF,-44.7972857219193,40.82350046398638,-16.1329105024679,0.5493807192387066,1.0060092414486477,0.24569052674909486,0.449901009974435,0.012855542202200445,0.00010775047484038858,4.818747727019793e-05,0.1,Across_DV
ecadGFPnbG4,2hAPF,-42.738802760902956,39.20499610826439,-14.86221680754134,0.5295586300126445,0.9695535845316887,0.23682581895598667,0.4335975445682889,0.012891553410459533,0.00012319720609544206,5.509546549349197e-05,0.1,Across_DV
ecadGFPnbG4,2hAPF,-40.680319799886604,37.55420287570696,-13.635515947930594,0.510812439217926,0.932544985097422,0.22844226756875238,0.4170467957508728,0.0128713068393989,0.00012754123170261435,5.7038172804219385e-05,0.1,Across_DV
ecadGFPnbG4,2hAPF,-38.62183683887026,35.87201889361542,-12.453299367607679,0.4931523090310378,0.8950148198333996,0.22054441725087678,0.4002627956034417,0.012820683943073919,0.00012318405104628065,5.5089582376657526e-05,0.1,Across_DV
ecadGFPnbG4,2hAPF,-36.56335387785391,34.1593092021847,-11.315891779541648,0.4766328589991897,0.8568678083107263,0.21315669460645212,0.38320293342280864,0.012770858472843233,0.0001223283141035059,5.4706885181677083e-05,0.1,Across_DV
ecadGFPnbG4,2hAPF,-34.50487091683757,32.41692987315374,-10.223638024776255,0.4613338692165067,0.8179121276454445,0.20631477837822132,0.36578142340733977,0.012757647975719492,0.0001408908817080565,6.30083177818192e-05,0.1,Across_DV
ecadGFPnbG4,2hAPF,-32.44638795582122,30.645752128431752,-9.17708993003996,0.4473407964248024,0.777889191198437,0.2000568859829506,0.34788262209640725,0.012820738205524696,0.00018306667929393722,8.186990786327936e-05,0.1,Across_DV
ecadGFPnbG4,2hAPF,-30.38790499480487,28.846686406665604,-8.177189717158916,0.434725877792544,0.7365068624008735,0.1944153228644789,0.3293758820446874,0.01299354247505417,0.00023201443871244176,0.0001037600113444957,0.1,Across_DV
ecadGFPnbG4,2hAPF,-28.329422033788525,27.020704562966284,-7.225397697734886,0.4235317384507752,0.6935127147005467,0.18940915156091895,0.310148314666168,0.013275583242261102,0.00026281275914519583,0.00011753343896058747,0.1,Across_DV
ecadGFPnbG4,2hAPF,-26.27093907277218,25.16885311225918,-6.323662057406201,0.4137637739692279,0.6487762973980026,0.18504078504441032,0.29014158063451073,0.01363880810665015,0.00027170876253988265,0.00012151185262430519,0.1,Across_DV
ecadGFPnbG4,2hAPF,-24.212456111755834,23.292257579468547,-5.474265448254252,0.4053905512601203,0.6022930717012718,0.18129616601074838,0.2693536501402397,0.014049505443971697,0.00026058940968327584,0.00011653912685366934,0.1,Across_DV
ecadGFPnbG4,2hAPF,-22.153973150739482,21.392125067803327,-4.679648491843638,0.39834697498408544,0.5541645505360578,0.17814618293916465,0.24782992114384855,0.014470855475574668,0.00023274612267412383,0.00010408723035976919,0.1,Across_DV
ecadGFPnbG4,2hAPF,-20.095490189723137,19.469746791060846,-3.9422328439510275,0.3925392379628831,0.5045780275047458,0.17554888398419452,0.22565415389067403,0.014863031461455303,0.00019267005881985088,8.61646697500139e-05,0.1,Across_DV
ecadGFPnbG4,2hAPF,-18.03700722870679,17.526500605930494,-3.2642442592939944,0.38785128751728326,0.4537865409245168,0.1734523688098922,0.20293951055634196,0.015183483596133132,0.0001469286347341211,6.570848302134631e-05,0.1,Across_DV
ecadGFPnbG4,2hAPF,-15.978524267690439,15.56385354424935,-2.647535657224586,0.3841523690112649,0.4020892079080268,0.1717981621653544,0.17981976038027878,0.015387614664986523,0.00010733119175453912,4.7999968173842874e-05,0.1,Across_DV
ecadGFPnbG4,2hAPF,-13.920041306674094,13.583364169794729,-2.0934140674347828,0.38130501956543805,0.34980903558764226,0.17052478878204136,0.15643935654352223,0.015443384510075991,9.344102553383285e-05,4.1788096996188764e-05,0.1,Across_DV
ecadGFPnbG4,2hAPF,-11.861558345657748,11.586681900610575,-1.602538965477196,0.3791720731612032,0.29724745853464846,0.16957090615159479,0.13293310468450478,0.015366806260250795,0.00010156138713974073,4.541963310672664e-05,0.1,Across_DV
ecadGFPnbG4,2hAPF,-9.803075384641403,9.575539344254071,-1.1749921546445197,0.37762191740814954,0.24465159056356736,0.1688776554236867,0.10941151746071653,0.015191635506283715,0.00011523301662246657,5.153377168403969e-05,0.1,Across_DV
ecadGFPnbG4,2hAPF,-7.744592423625058,7.551741668299222,-0.8104230815020153,0.37653277585520545,0.19221989173131276,0.16839057651378617,0.08596334890777302,0.01495434338702289,0.0001259824463031177,5.6341062781097644e-05,0.1,Across_DV
ecadGFPnbG4,2hAPF,-5.686109462608705,5.5171558017873155,-0.5081986244121758,0.37579613527813016,0.14012570750700817,0.16806114083272117,0.06266612147618457,0.014693031123267353,0.00013139860127433486,5.876324091956065e-05,0.1,Across_DV
ecadGFPnbG4,2hAPF,-3.62762650159236,3.473699636605155,-0.26755288432402213,0.37531933297569037,0.0886131006219326,0.1678479083607044,0.039628983337534035,0.014446495176032892,0.00013132778692453808,5.873157177957503e-05,0.1,Across_DV
ecadGFPnbG4,2hAPF,-1.5691435405760146,1.4233312288632003,-0.08773697556238569,0.37502738262925384,0.0388273024015578,0.16771734419656706,0.017364097510564815,0.014253460825830348,0.00012643435119242643,5.654316079146942e-05,0.1,Across_DV
ecadGFPnbG4,2hAPF,0.48933942044033785,-0.6319619997108393,0.03183118499554418,0.3748641467268468,0.022509803938024663,0.16764434288173694,0.01006669035312312,0.014151884727190566,0.00011816006963890335,5.284278958773938e-05,0.1,Across_DV
ecadGFPnbG4,2hAPF,2.547822381456683,-2.6901740016141376,0.09142325014421562,0.3747929997147167,0.06912793019802227,0.16761252497063314,0.030914950213327658,0.014160231205284202,0.0001116261739705952,4.99207426132937e-05,0.1,Across_DV
ecadGFPnbG4,2hAPF,4.6063053424730285,-4.74929005944449,0.0909390130122667,0.37479748512463945,0.11957260286899676,0.167614530906932,0.05347449365233262,0.014258597499311252,0.00011604966336182048,5.189898720859947e-05,0.1,Across_DV
ecadGFPnbG4,2hAPF,6.664788303489381,-6.807295471387678,0.029978177216472175,0.3748823040282543,0.17057430914334865,0.16765246307378395,0.0762831500919183,0.014421459879897023,0.00013343406361754454,5.967352735257222e-05,0.1,Across_DV
ecadGFPnbG4,2hAPF,8.723271264505719,-8.862183923596358,-0.09205504373786151,0.3750740766725882,0.22195428194694908,0.16773822640757505,0.0992609724661065,0.014622377777280255,0.00015653980444203463,7.00067287833826e-05,0.1,Across_DV
ecadGFPnbG4,2hAPF,10.781754225522072,-10.911965857353952,-0.2758467802563992,0.37542159477339787,0.27375338533237087,0.16789364122693948,0.12242623573477501,0.014834285495787535,0.00017596624699051328,7.86944980032611e-05,0.1,Across_DV
ecadGFPnbG4,2hAPF,12.84023718653841,-12.954676836238344,-0.5220683604552682,0.37599540054545777,0.32602293211735867,0.16815025496938102,0.14580188768764268,0.015029866967693867,0.00018374708587129223,8.217419493514011e-05,0.1,Across_DV
ecadGFPnbG4,2hAPF,14.898720147554762,-14.98838591328583,-0.8312711639605684,0.3768864911468157,0.3787699714218226,0.16854876280113051,0.1693910807869696,0.015182044088231825,0.00017346929915044494,7.757782898192827e-05,0.1,Across_DV
ecadGFPnbG4,2hAPF,16.957203108571115,-17.011203998154805,-1.2037814757078595,0.378203924231761,0.43192801729358504,0.1691379367878795,0.19316408161103216,0.015264565754982747,0.00014001619045969163,6.26171439636856e-05,0.1,Across_DV
ecadGFPnbG4,2hAPF,19.015686069587453,-19.02129221091901,-1.639595821096762,0.3800711241849799,0.4853348325592489,0.16997297399247588,0.21704833549019176,0.0152555586460906,8.263586014906944e-05,3.695588013449703e-05,0.1,Across_DV
ecadGFPnbG4,2hAPF,21.074169030603805,-21.016869750059477,-2.138297333094421,0.38262098160319696,0.5387292226766158,0.17111330489648896,0.24092703267410684,0.015157612811615595,2.1585212318185657e-05,9.653200410445789e-06,0.1,Across_DV
ecadGFPnbG4,2hAPF,23.132651991620158,-22.996220171703904,-2.69905890519762,0.38598955440915395,0.5917849467803876,0.17261977645274437,0.2646542738124084,0.014989147824677557,7.583688261092769e-05,3.391528494394121e-05,0.1,Across_DV
ecadGFPnbG4,2hAPF,25.191134952636496,-24.957696807093466,-3.3207112986997402,0.3903083510351394,0.6441441376023449,0.1745512010200844,0.2880700157973643,0.014769076343537057,0.00015320772523374866,6.851657766015438e-05,0.1,Across_DV
ecadGFPnbG4,2hAPF,27.24961791365285,-26.899728116039274,-4.001819381295606,0.3956967046603879,0.6954468933478416,0.17696094601865703,0.311013305653364,0.014515705560379826,0.00022341952360187107,9.991624845488047e-05,0.1,Across_DV
ecadGFPnbG4,2hAPF,29.3081008746692,-28.820823040271286,-4.740758419633524,0.40225514371442583,0.7453608759653,0.17989396912888067,0.33333551728544,0.014246402288744664,0.0002790684278794277,0.00012480319502247955,0.1,Across_DV
ecadGFPnbG4,2hAPF,31.36658383568554,-30.719576356787297,-5.53579037186734,0.4100604060806281,0.7936109236046036,0.1833845885754905,0.3549135945732572,0.013977347950195226,0.0003139564158666802,0.00014040557757001807,0.1,Across_DV
ecadGFPnbG4,2hAPF,33.42506679670189,-32.59467403120199,-6.385140180208523,0.41916257992140077,0.8400086490997087,0.1874552044656881,0.3756632882149432,0.01372336776208039,0.0003226147921910284,0.00014427772117722157,0.1,Across_DV
ecadGFPnbG4,2hAPF,35.48354975771823,-34.44489856544393,-7.2870720286195265,0.429584609215777,0.884481966412659,0.19211607765883199,0.3955523603542782,0.013497399789750286,0.00030077660852556863,0.00013451138854100284,0.1,Across_DV
ecadGFPnbG4,2hAPF,37.54203271873458,-36.269133502241786,-8.239960185632784,0.4413249912866078,0.9270983709071148,0.19736653613727148,0.41461099583552435,0.013303754286965109,0.0002528796917659825,0.00011309123618358614,0.1,Across_DV
ecadGFPnbG4,2hAPF,39.600515679750934,-38.0663610475793,-9.242323519418253,0.4543667338459359,0.968049774964883,0.20319898071881343,0.43292502048497045,0.013138174304421121,0.00019053381965907277,8.52093145540745e-05,0.1,Across_DV
ecadGFPnbG4,2hAPF,41.65899864076727,-39.83564557548962,-10.292815277934462,0.4686877018767181,1.0076080813125534,0.20960351232289948,0.45061603289860097,0.012995484443161781,0.00012692208020710746,5.676127983775457e-05,0.1,Across_DV
ecadGFPnbG4,2hAPF,43.717481601783625,-41.57610875316647,-11.390197462676813,0.4842678815415756,1.046083027000315,0.21657118048935572,0.4678225516962904,0.01287164268220998,8.257689352011973e-05,3.692950945634992e-05,0.1,Across_DV
ecadGFPnbG4,2hAPF,45.77596456279996,-43.28690373196824,-12.533313838828082,0.501095095544565,1.0837810721706598,0.22409653936587987,0.4846816300202401,0.01276381649809193,8.204815225074331e-05,3.669304917218288e-05,0.1,Across_DV
ecadGFPnbG4,2hAPF,47.834447523816316,-44.967189334253604,-13.721062940119955,0.519169364896766,1.12096434815681,0.23217959834891236,0.5013104965664735,0.01267041109098237,0.00010297807195208893,4.605319381534706e-05,0.1,Across_DV
ecadGFPnbG4,2hAPF,49.89293048483267,-46.61610424021702,-14.952371073694462,0.5385059047349933,1.157809594119489,0.24082716185449415,0.5177881914905236,0.01259109042698076,0.00011142977321139618,4.983290952361338e-05,0.1,Across_DV
ecadGFPnbG4,2hAPF,51.951413445849006,-48.232741175170325,-16.22616532586603,0.5591368234223606,1.1943669952118727,0.25005358917913895,0.5341371582751826,0.012526800977798541,9.343133251298947e-05,4.1783762145486136e-05,0.1,Across_DV
ecadGFPnbG4,2hAPF,54.00989640686536,-49.81612205687162,-17.541348837108885,0.5811104539424404,1.230521454339044,0.25988049549021147,0.5503059239348012,0.01248291313133122,4.8146972471242676e-05,2.153198067130193e-05,0.1,Across_DV
ecadGFPnbG4,2hAPF,56.06837936788171,-51.36518648588857,-18.896808075698807,0.6044751775695864,1.2659922874456868,0.27032951755137025,0.5661689627438018,0.012469696333479448,4.5004987931458433e-05,2.012684246825974e-05,0.1,Across_DV
ecadGFPnbG4,2hAPF,58.12686232889805,-52.878811727587745,-20.29146884915816,0.6292444696669308,1.3004093714985192,0.2814066817282123,0.5815607506496933,0.012485226698228857,0.00011137369259653598,4.98078295102039e-05,0.1,Across_DV
ecadGFPnbG4,2hAPF,60.1853452899144,-54.35586895596168,-21.724343351228107,0.6553743450613952,1.3334368619727721,0.2930923172533367,0.5963310934150245,0.012519616740644576,0.00015832255285664948,7.080399811175435e-05,0.1,Across_DV
ecadGFPnbG4,2hAPF,62.243828250930754,-55.79529676499012,-23.194562692647317,0.6827532326090493,1.364915833716758,0.30533652799431205,0.610408917551294,0.01255997278856516,0.00016006323211525736,7.158245354160857e-05,0.1,Across_DV
ecadGFPnbG4,2hAPF,64.30231121194709,-57.19617613867198,-24.70140793835931,0.711194590998908,1.3950089544991793,0.31805589014074365,0.6238669702962152,0.012590547844462225,0.00010163521470891829,4.5452649799385555e-05,0.1,Across_DV
ecadGFPnbG4,2hAPF,66.36079417296344,-58.557805425620224,-26.244341138848505,0.7404308277334657,1.4243449167559807,0.3311307326896932,0.6369864114545304,0.012592613420538832,7.530965039546842e-05,3.367949952920226e-05,0.1,Across_DV
ecadGFPnbG4,2hAPF,68.41927713397979,-59.87977531365682,-27.823036361476102,0.7701082502591877,1.4541624923411998,0.34440287952259274,0.650321236641088,0.012544199851748428,0.00029129920581029656,0.00013027296519670497,0.1,Across_DV
ecadGFPnbG4,4hAPF,-63.44215305329826,50.202058124023466,-31.503641448576637,1.4141322595726367,0.42668949317601806,0.6324191723159587,0.1908213424053018,0.011093692578638136,0.0015674826410483173,0.0007009995477869879,0.1,Across_DV
ecadGFPnbG4,4hAPF,-61.39538955766029,49.00142585554282,-29.845527691449718,1.4087096082772492,0.4203056968948356,0.6299940889330059,0.18796642191745494,0.01191046404587407,0.0007574516602394278,0.00033874268039308704,0.1,Across_DV
ecadGFPnbG4,4hAPF,-59.34862606202231,47.757743387226284,-28.213186107906814,1.4033878186769,0.4128096010102772,0.6276141122713395,0.18461406592470914,0.012468820039709736,0.0002802532203579671,0.00012533305032672848,0.1,Across_DV
ecadGFPnbG4,4hAPF,-57.30186256638433,46.473295170397726,-26.613761834319366,1.3984255325619126,0.4044279441776058,0.6253949104559564,0.18086567503632336,0.012769652105156218,0.000174161994671884,7.788761183665775e-05,0.1,Across_DV
ecadGFPnbG4,4hAPF,-55.255099070746354,45.14960516870387,-25.050938410235307,1.3939094999681756,0.3954350176989462,0.6233752792823163,0.17684391605173522,0.012830443169093032,0.00022952551316691606,0.00010264693000234947,0.1,Across_DV
ecadGFPnbG4,4hAPF,-53.20833557510838,43.78762886667702,-23.525867713722864,1.3897928503590886,0.38609643891701784,0.621534257609223,0.17266757665780944,0.012698294240852007,0.0002130331132984424,9.527130455874634e-05,0.1,Across_DV
ecadGFPnbG4,4hAPF,-51.1615720794704,42.387945278297785,-22.038099896714357,1.3859498169544064,0.3766165085346804,0.6198156008226886,0.16842802290643502,0.012455287143994931,0.00014609934106713372,6.533761161880754e-05,0.1,Across_DV
ecadGFPnbG4,4hAPF,-49.11480858383243,40.95094895476381,-20.58651331781973,1.382235893131241,0.36708609144762366,0.6181546835963179,0.16416589081431812,0.012216967820414044,8.44795638668044e-05,3.778040950314193e-05,0.1,Across_DV
ecadGFPnbG4,4hAPF,-47.06804508819445,39.47703966811028,-19.170233095765518,1.3785477875684535,0.3574386466861009,0.6165053126470003,0.1598514223551303,0.01210028620247575,7.030955562684306e-05,3.1443389169884785e-05,0.1,Across_DV
ecadGFPnbG4,4hAPF,-45.02128159255648,37.966774627082614,-17.789324509721112,1.3748434613495828,0.3475005107934828,0.6148486875997543,0.1554069528700254,0.0121317964363012,7.554305230518376e-05,3.3783880036442616e-05,0.1,Across_DV
ecadGFPnbG4,4hAPF,-42.974518096918494,36.42091547686206,-16.444884844063758,1.371116753203325,0.33712996247632965,0.6131820530502874,0.15076910266980528,0.012292892831846121,7.612719152629714e-05,3.4045115037789275e-05,0.1,Across_DV
ecadGFPnbG4,4hAPF,-40.92775460128052,34.84039270948699,-15.138800608981722,1.3673853555879592,0.3262485205783113,0.6115133213064797,0.1459027739143686,0.012555797290583186,7.459858678354159e-05,3.336150221468327e-05,0.1,Across_DV
ecadGFPnbG4,4hAPF,-38.88099110564254,33.22625498754254,-13.873467491152592,1.363683837397438,0.3148326441867521,0.6098579520476882,0.14079743878751633,0.012885346866050104,7.965602017269859e-05,3.562325518464972e-05,0.1,Across_DV
ecadGFPnbG4,4hAPF,-36.83422761000456,31.579618246766767,-12.651509913029532,1.3600557071233719,0.3029048975614299,0.6082354028628809,0.1354631883329935,0.013238795025496611,9.335222024635832e-05,4.1748382064277874e-05,0.1,Across_DV
ecadGFPnbG4,4hAPF,-34.787464114366585,29.901614798656812,-11.475500592127522,1.3565445137906125,0.29052531562137646,0.6066651494680421,0.12992687098279584,0.01356518609461509,0.00010849723192295685,4.8521437190058344e-05,0.1,Across_DV
ecadGFPnbG4,4hAPF,-32.74070061872861,28.19334243311202,-10.347680100472548,1.3531841697280194,0.27778259187470294,0.6051623579176928,0.1242281516795833,0.01380486568347149,0.00011560280238104696,5.169914490269911e-05,0.1,Across_DV
ecadGFPnbG4,4hAPF,-30.693937123090635,26.45581430638764,-9.269680882656074,1.3499894850287182,0.264782101566273,0.6037336514868297,0.11841415566548799,0.013904967409338137,0.0001146270983569986,5.126279679796066e-05,0.1,Across_DV
ecadGFPnbG4,4hAPF,-28.64717362745266,24.68992713976336,-8.242359085496188,1.3469560843002928,0.2516026646918386,0.6023770734404783,0.11252013231420746,0.013877261709628965,0.00011514156201412402,5.149287193981778e-05,0.1,Across_DV
ecadGFPnbG4,4hAPF,-26.600410131814684,22.896482152642214,-7.265931174154514,1.3440689468799887,0.23824899653539652,0.6010859063340417,0.10654819036485169,0.013767684940513104,0.00011983745885700782,5.359294085102075e-05,0.1,Across_DV
ecadGFPnbG4,4hAPF,-24.5536466361767,21.076234952379245,-6.340268137098835,1.3413073547824947,0.22466188686290403,0.5998508848028171,0.10047185019576407,0.013632163851490136,0.00013245203555654672,5.923435105253153e-05,0.1,Across_DV
ecadGFPnbG4,4hAPF,-22.506883140538726,19.229947971664473,-5.465202057603048,1.3386491074302738,0.21074223145131518,0.5986620804467022,0.09424679105102697,0.013534502472599982,0.0001545076031884891,6.909790075400497e-05,0.1,Across_DV
ecadGFPnbG4,4hAPF,-20.46011964490075,17.358442913595432,-4.640832717163266,1.336074828755361,0.19637885920017578,0.5975108280246756,0.0878232957030906,0.013544532055436386,0.00018393202517780644,8.22569023073556e-05,0.1,Across_DV
ecadGFPnbG4,4hAPF,-18.413356149262775,15.462653196749738,-3.8678341989139824,1.3335723974767253,0.18148262794119174,0.5963917067350654,0.08116149856236149,0.01373669040047477,0.00021673370566362949,9.692625977586133e-05,0.1,Across_DV
ecadGFPnbG4,4hAPF,-16.3665926536248,13.543676400256723,-3.14776149103679,1.3311415411446996,0.16603150686275736,0.5953045947346763,0.07425154715036966,0.01418947304906551,0.00024880603355874407,0.00011126944084988913,0.1,Across_DV
ecadGFPnbG4,4hAPF,-14.319829157986824,11.60282616450241,-2.483351610223452,1.3287983235769476,0.15013669053010284,0.5942566759811633,0.06714316918843177,0.014961298873216917,0.00027020213768702854,0.00012083806950679071,0.1,Across_DV
ecadGFPnbG4,4hAPF,-12.273065662348841,9.641669758489362,-1.8786745158623153,1.326575378584152,0.13415280803673466,0.5932625447583365,0.059994959628523754,0.016002799413697852,0.0002721731400492486,0.00012171952855993805,0.1,Across_DV
ecadGFPnbG4,4hAPF,-10.226302166710866,7.662027106278179,-1.3388699255318575,1.324516459036466,0.11881196237752903,0.5923417679445707,0.05313432488326048,0.017225299829018943,0.00025742693064697403,0.00011512482323315156,0.1,Across_DV
ecadGFPnbG4,4hAPF,-8.17953867107289,5.665952969262131,-0.8696989351119973,1.3226710563226733,0.10536254122043183,0.5915164787617901,0.04711956089020184,0.018531654250465095,0.00022888504311111013,0.00010236050308588243,0.1,Across_DV
ecadGFPnbG4,4hAPF,-6.132775175434915,3.6557182917666173,-0.47708616565679557,1.3210893539524762,0.09565024926368923,0.5908091199578034,0.042776091883681665,0.019814496830420577,0.0001902244817575838,8.50709744389252e-05,0.1,Across_DV
ecadGFPnbG4,4hAPF,-4.08601167979694,1.6337915465392352,-0.16666190898049832,1.3198173081403255,0.09179984443459296,0.5902402437765109,0.04105413849593112,0.02095601264941453,0.00014787820198387927,6.613314240527966e-05,0.1,Across_DV
ecadGFPnbG4,4hAPF,-2.039248184158957,-0.3971799197602034,0.0566957267564225,1.3188917642919988,0.09515090950031757,0.5898263279843078,0.04255278035272812,0.02183064709760802,0.00011640553222565075,5.2058136602719494e-05,0.1,Across_DV
ecadGFPnbG4,4hAPF,0.007515311479018294,-2.4343885410695933,0.1893186714612231,1.3183355033131436,0.10525919356533137,0.5895775605119177,0.04707334241377788,0.022311223393065276,0.0001208260567847859,5.4035055284806186e-05,0.1,Across_DV
ecadGFPnbG4,4hAPF,2.0542788071169937,-4.474885579546477,0.22919978930710636,1.3181522033111337,0.12032413634455574,0.5894955862589636,0.053810589640075936,0.022310631338834312,0.0001651367144417785,7.385138381455759e-05,0.1,Across_DV
ecadGFPnbG4,4hAPF,4.101042302754969,-6.515610279468835,0.17626489034366816,1.3183235962377107,0.1383490030501657,0.5895722355059014,0.06187155508789925,0.021885918658133198,0.00022874300508214402,0.00010229698174825077,0.1,Across_DV
ecadGFPnbG4,4hAPF,6.147805798392945,-8.553444495082989,0.032193844545277045,1.3188125347604793,0.15774374118435833,0.5897908954606472,0.07054514566267167,0.021136781770281075,0.0002953792125440144,0.00013209759967775496,0.1,Across_DV
ecadGFPnbG4,4hAPF,8.19456929403092,-10.585277283009255,-0.1999346802158962,1.3195682314837343,0.17737319180656544,0.5901288533093616,0.07932370285311781,0.02016632289829017,0.00035518245344044974,0.00015884242206159994,0.1,Across_DV
ecadGFPnbG4,4hAPF,10.241332789668895,-12.608069873587016,-0.5160051875532339,1.3205314537279162,0.19644922569215204,0.5905596193924477,0.08785476455497002,0.019074607352142024,0.0004011490173961175,0.00017939929440099288,0.1,Across_DV
ecadGFPnbG4,4hAPF,12.288096285306871,-14.61892064221976,-0.9112273219490257,1.3216397081921076,0.21443856113068505,0.5910552458561077,0.09589983993709118,0.017954172018720384,0.0004276143982320384,0.00019123497252090076,0.1,Across_DV
ecadGFPnbG4,4hAPF,14.33485978094486,-16.615130080720128,-1.38049783813783,1.3228325143364905,0.2310110865330941,0.5915886849806715,0.10331129860881692,0.016887949049556657,0.00042952022022430973,0.0001920872820264473,0.1,Across_DV
ecadGFPnbG4,4hAPF,16.381623276582836,-18.594265768654928,-1.9187625704898132,1.3240568301261642,0.24601789084344006,0.5921362156469989,0.110022545521411,0.0159492001637495,0.00040197063070219135,0.00017976673104171277,0.1,Across_DV
ecadGFPnbG4,4hAPF,18.42838677222081,-20.554227252296954,-2.521378022509023,1.3252727233740191,0.2594866315032735,0.5926799796381162,0.11604594945875159,0.015198901802715154,0.0003422883322098808,0.00015307599574526485,0.1,Across_DV
ecadGFPnbG4,4hAPF,20.475150267858787,-22.493299922395373,-3.184432824235727,1.326460701600331,0.2716098759293883,0.5932112596520808,0.12146762918767921,0.014639722808490987,0.00026008159307439694,0.00011631202436215801,0.1,Across_DV
ecadGFPnbG4,4hAPF,22.521913763496762,-24.410142914622647,-3.9048391764691814,1.3276265656263813,0.28269421710387144,0.5937326498950348,0.12642469725806804,0.01423280628742267,0.00016704004368307381,7.470257852797747e-05,0.1,Across_DV
ecadGFPnbG4,4hAPF,24.568677259134738,-26.303717306055045,-4.6802229176563355,1.3287974383978767,0.2931091688883356,0.5942562801170482,0.13108240529255696,0.013942050827467942,8.392037629789199e-05,3.7530333219889725e-05,0.1,Across_DV
ecadGFPnbG4,4hAPF,26.615440754772713,-28.1732065322587,-5.5087882200958855,1.330015936562516,0.303243764107714,0.5948012090623667,0.13561473405955185,0.013735457776384675,8.223460579326433e-05,3.677643373132741e-05,0.1,Across_DV
ecadGFPnbG4,4hAPF,28.66220425041069,-30.0179367720894,-6.389182187090172,1.3313343188888795,0.3134662101533221,0.5953908075627834,0.1401863509104126,0.01358513591233879,0.00014623233538687346,6.539708848671941e-05,0.1,Across_DV
ecadGFPnbG4,4hAPF,30.708967746048664,-31.837297332492493,-7.320359450097101,1.3328086121815923,0.324086126227473,0.5960501315670389,0.1449357217618414,0.013467521883138128,0.00020000029911405743,8.944285286786467e-05,0.1,Across_DV
ecadGFPnbG4,4hAPF,32.75573124168664,-33.63066103330269,-8.30144676588204,1.334492692265331,0.335318788379083,0.5968032750763976,0.1499591209896992,0.013363711848976547,0.00022469466023747393,0.00010048650689444215,0.1,Across_DV
ecadGFPnbG4,4hAPF,34.802494737324615,-35.397304599171434,-9.331607631639287,1.3364322693636352,0.34725056996403253,0.5976706803242796,0.1552951759330247,0.013260005679936186,0.00021176450298416186,9.470396477880859e-05,0.1,Across_DV
ecadGFPnbG4,4hAPF,36.849258232962605,-37.136332173088064,-10.409912412589664,1.338656613813967,0.35981057034393027,0.5986654374035428,0.16091217886239959,0.013153733943408885,0.00016264119108431546,7.273535184121242e-05,0.1,Across_DV
ecadGFPnbG4,4hAPF,38.89602172860058,-38.84664065909556,-11.535265319571263,1.3411651934486315,0.37278277953396427,0.5997873083215591,0.16671352717585228,0.013052293743390602,9.333435356158803e-05,4.174039183994209e-05,0.1,Across_DV
ecadGFPnbG4,4hAPF,40.942785224238555,-40.526967103847184,-12.706423644918328,1.3439271649586262,0.3858558172757451,0.6010224995312122,0.17255996738846074,0.012960912932350374,5.03424784197099e-05,2.2513840780457503e-05,0.1,Across_DV
ecadGFPnbG4,4hAPF,42.98954871987653,-42.175964871599696,-13.922044620000989,1.3468894052645892,0.39867593474883717,0.6023472536691769,0.1782932982183341,0.012881210706379136,0.00010358319115675214,4.6323811350570574e-05,0.1,Across_DV
ecadGFPnbG4,4hAPF,45.036312215514506,-43.792280963354955,-15.180733197879373,1.3499849701720907,0.41089960581195567,0.6037316323815641,0.1837598901046801,0.012811349392651616,0.0001664407989407299,7.443458813216942e-05,0.1,Across_DV
ecadGFPnbG4,4hAPF,47.08307571115248,-45.37463333602051,-16.481089835962717,1.3531416410870925,0.422246127482478,0.6051433385312722,0.18883420885737257,0.012746169625962872,0.00020616425588225297,9.21994581366757e-05,0.1,Across_DV
ecadGFPnbG4,4hAPF,49.12983920679046,-46.92188822157006,-17.821758278668394,1.3562905708909636,0.4325499429747654,0.6065515827508384,0.1934422152310466,0.012677294629596497,0.00021062142360529486,9.419276413984363e-05,0.1,Across_DV
ecadGFPnbG4,4hAPF,51.17660270242843,-48.433137445702585,-19.201473339142893,1.3593750174233388,0.4418120325314244,0.6079309891747092,0.1975843476035227,0.0125931838201238,0.00017279123074586783,7.727458757272243e-05,0.1,Across_DV
ecadGFPnbG4,4hAPF,53.22336619806641,-49.90777391042728,-20.619105796472038,1.3623618298158224,0.4502458970388814,0.6092667322838358,0.201356086473862,0.012478427508788073,0.00010328354943337783,4.618980749809854e-05,0.1,Across_DV
ecadGFPnbG4,4hAPF,55.270129693704384,-51.34552316749805,-22.07366862900303,1.3652748161955206,0.45827026731752096,0.610569459396343,0.2049446939577954,0.012336250428809476,9.572862503430615e-05,4.2811142593859335e-05,0.1,Across_DV
ecadGFPnbG4,4hAPF,57.31689318934237,-52.746310350025354,-23.564256019901404,1.3682131363319505,0.4663928601081315,0.6118835161092857,0.2085772278844664,0.01219869445994807,0.00016860425987529168,7.540211727543849e-05,0.1,Across_DV
ecadGFPnbG4,4hAPF,59.36365668498035,-54.10999613951725,-25.089964246145392,1.3713259398868891,0.4750292808742272,0.6132756041791748,0.21243955266752254,0.012108328017327367,0.00020512998180258682,9.173691670677579e-05,0.1,Across_DV
ecadGFPnbG4,4hAPF,61.410420180618324,-55.436093862883055,-26.6498131920586,1.3747802838627372,0.4843134226063546,0.6148204337687074,0.21659154707267844,0.012116028996204347,0.0001669098203932036,7.464434090229677e-05,0.1,Across_DV
ecadGFPnbG4,4hAPF,63.4571836762563,-56.72348641867097,-28.242667910480908,1.3787294257704268,0.4939070678560204,0.6165865437203849,0.2208819556587326,0.012280374927758356,0.00014656345937539723,6.554517163618341e-05,0.1,Across_DV
ecadGFPnbG4,4hAPF,65.50394717189428,-57.97014320330563,-29.867160183939355,1.383281942677903,0.5028081137205049,0.6186224911751517,0.22486262438349874,0.01266751527270794,0.00041937853588898524,0.00018755178291042122,0.1,Across_DV
ecadGFPnbG4,4hAPF,67.55071066753224,-59.17283703732578,-31.52161008581903,1.388472705294432,0.5091693916448715,0.6209438707882764,0.22770747435602923,0.013351872967097047,0.000901754510715782,0.0004032768769955102,0.1,Across_DV
ecadGFPnbG4,wL3,-64.28934965402713,57.06177168817878,-25.149476235466274,0.3387201317110555,0.45884872090766154,0.15148024797072046,0.20520338626767204,0.013007132688773881,0.0009861517480522144,0.00044102046895499943,0.1,Along_DV
ecadGFPnbG4,wL3,-62.235354581736814,55.65392474314204,-23.654170970749934,0.33558903081383423,0.4471094060012811,0.15007997708060097,0.19995340503968337,0.012963534538714305,0.000473894010320817,0.00021193184424146672,0.1,Along_DV
ecadGFPnbG4,wL3,-60.1813595094465,54.20660096252237,-22.196719175919362,0.33307899210105485,0.4344533966084913,0.14895745364301483,0.19429346557445262,0.012933329197538082,0.00016880212630553625,7.54906058331369e-05,0.1,Along_DV
ecadGFPnbG4,wL3,-58.12736443715619,52.72102530478735,-20.77818918418837,0.3310774872916776,0.4215318306447006,0.14806235348080277,0.1885147656002959,0.012912552580460129,0.00014011525698749512,6.266144786177829e-05,0.1,Along_DV
ecadGFPnbG4,wL3,-56.07336936486587,51.19837366036717,-19.39958220016064,0.32945234711921395,0.408688804209096,0.14733556870108389,0.18277118957092814,0.012897806060558455,0.0001880374150740372,8.409288848377816e-05,0.1,Along_DV
ecadGFPnbG4,wL3,-54.01937429257555,49.63978840250079,-18.061841158974016,0.3280895834636788,0.3960313006691887,0.14672612226687531,0.17711058190279275,0.01288643588438072,0.00017589624487881618,7.866319210719645e-05,0.1,Along_DV
ecadGFPnbG4,wL3,-51.965379220285236,48.04639393808211,-16.765859585444794,0.32692024791505797,0.3835022906306773,0.1462031795118307,0.17150743827541504,0.012876541084337237,0.00012062443092208067,5.39448854578e-05,0.1,Along_DV
ecadGFPnbG4,wL3,-49.91138414799492,46.41931225850607,-15.512490453212004,0.32592732414646286,0.3709531310471157,0.1457591305032199,0.16589528349754767,0.012866931915361614,5.7593216807263944e-05,2.5756469564785115e-05,0.1,Along_DV
ecadGFPnbG4,wL3,-47.8573890757046,44.75967823734036,-14.30255531022556,0.3251344739274406,0.3582143772403397,0.14540455710607803,0.16019833960543062,0.012858650393864898,4.24595516235394e-05,1.898848874487913e-05,0.1,Along_DV
ecadGFPnbG4,wL3,-45.80339400341428,43.06864905950091,-13.136858012795221,0.32457987775309943,0.3451530875910149,0.1451565341569004,0.15435715329948968,0.0128556473698442,6.323328396302103e-05,2.8278784276372465e-05,0.1,Along_DV
ecadGFPnbG4,wL3,-43.74939893112397,41.347402322872874,-12.01619766185701,0.3242919084488324,0.3316912071816301,0.1450277503689455,0.14833681735941825,0.012857636626843114,7.333395899999501e-05,3.279594347663427e-05,0.1,Along_DV
ecadGFPnbG4,wL3,-41.69540385883366,39.59713458193697,-10.941366171069854,0.3242823277619138,0.31779937374276257,0.1450234657555013,0.14212420057913577,0.012863581815860508,7.000475642902853e-05,3.1307078824724644e-05,0.1,Along_DV
ecadGFPnbG4,wL3,-39.64140878654334,37.81906127095131,-9.913141527924052,0.324545186192978,0.3034870613816786,0.145141019619565,0.1357235399082169,0.012872302841621164,5.754102207047428e-05,2.5733127368879237e-05,0.1,Along_DV
ecadGFPnbG4,wL3,-37.58741371425302,36.01441665654845,-8.932280981814356,0.3250577226766443,0.2887925369968851,0.1453702329032503,0.1291519488239316,0.012882490294673319,4.243296937350748e-05,1.8976600801265877e-05,0.1,Along_DV
ecadGFPnbG4,wL3,-35.533418641962704,34.1844537903325,-7.9995142321129835,0.3257831036869717,0.27377279497630264,0.14569463315298622,0.12243491599142511,0.012892721461370497,3.399096124888215e-05,1.5201219994612327e-05,0.1,Along_DV
ecadGFPnbG4,wL3,-33.47942356967239,32.3304444614761,-7.115536616242659,0.32667490271475574,0.25849360618330147,0.1460934578026649,0.11560185503498441,0.0129014789894203,3.728067545637889e-05,1.6672424913514238e-05,0.1,Along_DV
ecadGFPnbG4,wL3,-31.42542849738207,30.453679167045998,-6.281002284386406,0.3276831295054426,0.24301980195184897,0.14654435053080733,0.10868175940857407,0.012907114267353498,4.321408719187725e-05,1.9325927309328106e-05,0.1,Along_DV
ecadGFPnbG4,wL3,-29.37143342509175,28.555467435973622,-5.49651759543567,0.32876118002000837,0.22740714122401492,0.14702646937755687,0.10169956526915841,0.012908831032292244,4.5235533363154955e-05,2.0229945519694833e-05,0.1,Along_DV
ecadGFPnbG4,wL3,-27.31743835280144,26.637137846349766,-4.762638296833803,0.3298702789225955,0.21169959232126212,0.14752247348554792,0.09467493584786692,0.012907234026699183,4.341424869825769e-05,1.941544225627719e-05,0.1,Along_DV
ecadGFPnbG4,wL3,-25.263443280511126,24.70003647700539,-4.079871431325596,0.3309799820779073,0.19593029968566494,0.14801874782357255,0.0876226937898105,0.012903046017114544,3.972082746810127e-05,1.7763694068243057e-05,0.1,Along_DV
ecadGFPnbG4,wL3,-23.209448208220806,22.745525000162367,-3.448678023111122,0.3320674624032531,0.18012285771211137,0.1485050838099059,0.08055339082916065,0.012897014413154884,3.670757064533812e-05,1.641612465037037e-05,0.1,Along_DV
ecadGFPnbG4,wL3,-21.155453135930486,20.774978771077855,-2.869475769248001,0.3331162762417397,0.16429249595461673,0.1489741276176256,0.07347383782952643,0.012889900247370065,3.625271126727731e-05,1.621270535246092e-05,0.1,Along_DV
ecadGFPnbG4,wL3,-19.101458063640173,18.789784917688717,-2.342641731053664,0.3341147517542032,0.14844727640116168,0.14942065944157307,0.06638764022153956,0.012882467535971841,3.799739613689092e-05,1.69929521460152e-05,0.1,Along_DV
ecadGFPnbG4,wL3,-17.04746299134986,16.79134043025587,-1.868515025507613,0.3350541131754279,0.13258940264673455,0.14984075464023291,0.059295783482837795,0.012875473065024753,3.958255935630949e-05,1.7701858688825667e-05,0.1,Along_DV
ecadGFPnbG4,wL3,-14.99346791905954,14.781050250222606,-1.447399513988862,0.33592642536388084,0.11671670011502255,0.1502308645104294,0.052197295113329586,0.01286962303578495,3.836322328178803e-05,1.715655501881612e-05,0.1,Along_DV
ecadGFPnbG4,wL3,-12.93947284676922,12.760325427899968,-1.0795661882562555,0.3367226613921389,0.10082417574909487,0.15058695208749331,0.04508994215007238,0.01286514055531196,3.357171769424174e-05,1.5013728577151404e-05,0.1,Along_DV
ecadGFPnbG4,wL3,-10.885477774478908,10.730581886193571,-0.7652539666290734,0.33743213416648526,0.08490538786364145,0.15090423795781807,0.037970843783817584,0.012861912710710239,2.6129268860576038e-05,1.16853642749233e-05,0.1,Along_DV
ecadGFPnbG4,wL3,-8.831482702188595,8.693239794773614,-0.5046692707225998,0.33804315846657224,0.06895368111811469,0.1511774963319978,0.03083702365578963,0.012859815759432583,1.7608274015379836e-05,7.874659532966497e-06,0.1,Along_DV
ecadGFPnbG4,wL3,-6.777487629898275,6.649723023069292,-0.2979854812206052,0.3385439368306313,0.05296348973432933,0.15140145122473725,0.02368599267431453,0.01285872306645246,1.1159337832806593e-05,4.990607595608145e-06,0.1,Along_DV
ecadGFPnbG4,wL3,-4.723492557607955,4.60145859345195,-0.14534239352368736,0.3389235380844264,0.036932436775309656,0.15157121406630325,0.0165166878408611,0.012858506824281376,1.2220557931890328e-05,5.465199651736203e-06,0.1,Along_DV
ecadGFPnbG4,wL3,-2.669497485317642,2.54987613441825,-0.0468456733976126,0.3391729594209715,0.02086928007013277,0.15168275867901398,0.009333025775659691,0.012859039972379024,1.7757463165743795e-05,7.941378949310347e-06,0.1,Along_DV
ecadGFPnbG4,wL3,-0.615502413027329,0.4964073337733333,-0.002566312621658763,0.3392862515275611,0.004944256863185919,0.15173342444934368,0.002211138888860718,0.012860198233121336,2.2223586558884014e-05,9.938690049903057e-06,0.1,Along_DV
ecadGFPnbG4,wL3,1.438492659262991,-1.5575146088898273,-0.01254008495668392,0.3392616708071812,0.01163954232575848,0.15172243161700263,0.005205361573476393,0.012861865256836044,2.370295241084169e-05,1.0600282571616908e-05,0.1,Along_DV
ecadGFPnbG4,wL3,3.492487731553311,-3.6104555848634874,-0.0767670271667954,0.33910257354184475,0.027796798632219104,0.1516512811569373,0.012431106259703019,0.012863959331533073,2.256190075520019e-05,1.0089988758046294e-05,0.1,Along_DV
ecadGFPnbG4,wL3,5.546482803843631,-5.660981433122739,-0.19521103547993213,0.3388171264242728,0.044029888958032525,0.15152362532516284,0.01969076495038562,0.012866408956455017,2.0365914106622365e-05,9.107913673265902e-06,0.1,Along_DV
ecadGFPnbG4,wL3,7.600477876133937,-7.707658973016498,-0.3677995419500085,0.33841718778090646,0.0602831116636611,0.1513447673264836,0.02695942711503133,0.012869131436470085,1.898513240966112e-05,8.490409325967328e-06,0.1,Along_DV
ecadGFPnbG4,wL3,9.654472948424257,-9.749057052389011,-0.5944231978285176,0.3379171103280308,0.0765329655786904,0.1511211258907546,0.03422658271072065,0.012872033674360494,1.9660730326550624e-05,8.792545899491767e-06,0.1,Along_DV
ecadGFPnbG4,wL3,11.708468020714577,-11.783747595711326,-0.8749355569407082,0.33733256612689944,0.09275960557776888,0.15085970977683802,0.04148335672759197,0.01287501347044111,2.1838523993800674e-05,9.7664848356797e-06,0.1,Along_DV
ecadGFPnbG4,wL3,13.762463093004882,-13.810306652212887,-1.2091527590617708,0.3366794157294859,0.10894498580038599,0.1505676120392085,0.048721678811482476,0.012877961025707346,2.38319194962412e-05,1.0657958405579574e-05,0.1,Along_DV
ecadGFPnbG4,wL3,15.816458165295202,-15.827315444013113,-1.5968532132930287,0.3359726311426968,0.12507348444407937,0.1502515283629066,0.05593456267994479,0.012880760591340124,2.409558302985429e-05,1.0775872322448907e-05,0.1,Along_DV
ecadGFPnbG4,wL3,17.870453237585522,-17.833361416913704,-2.037777279563596,0.3352252753573142,0.14113297323070256,0.14991730069500794,0.0631165844021018,0.012883278913510396,2.1782891003642333e-05,9.741605006122575e-06,0.1,Along_DV
ecadGFPnbG4,wL3,19.924448309875842,-19.82703936178157,-2.5316269210820024,0.33444779978513756,0.1571156261014226,0.1495696030489614,0.07026424405804424,0.012885408497071519,1.7934305025413305e-05,8.020465033208048e-06,0.1,Along_DV
ecadGFPnbG4,wL3,21.978443382166162,-21.80695254052818,-3.078065534621647,0.33364857236140616,0.1730170267478042,0.14921217767917233,0.07737556661459791,0.01288715040422381,1.5756105867446292e-05,7.04634475605864e-06,0.1,Along_DV
ecadGFPnbG4,wL3,24.032438454456468,-23.7717136001513,-3.676718128281416,0.3328351819276179,0.18883399779276716,0.14884841841873261,0.08444913110553452,0.012888513876967964,1.8361073228449914e-05,8.211321575733107e-06,0.1,Along_DV
ecadGFPnbG4,wL3,26.086433526746788,-25.719945439680885,-4.3271715614072965,0.3320157095170041,0.20456236814236217,0.148481939215569,0.09148307216093184,0.012889510024995767,2.425682533462648e-05,1.0847982073312778e-05,0.1,Along_DV
ecadGFPnbG4,wL3,28.140428599037108,-27.65028207694733,-5.02897478473726,0.3311998609032323,0.22019481642749528,0.14811708062362045,0.09847411556499336,0.012890151813900052,3.0274145917365737e-05,1.3539009646395502e-05,0.1,Along_DV
ecadGFPnbG4,wL3,30.194423671327414,-29.561369515349913,-5.7816390805461655,0.33039991438553734,0.2357187584644092,0.14775933366523442,0.10541663349965458,0.012890454223609566,3.440348105273226e-05,1.538570445930707e-05,0.1,Along_DV
ecadGFPnbG4,wL3,32.248418743617734,-31.45186661062511,-6.584638302790677,0.3296314182487424,0.2511142271484268,0.14741565174477053,0.11230169640424109,0.01289043455409079,3.561563023228463e-05,1.592779405217701e-05,0.1,Along_DV
ecadGFPnbG4,wL3,34.302413815908054,-33.32044592734611,-7.437409128633543,0.3289135566032687,0.2663517123114273,0.14709461425722672,0.1191161069303638,0.01289019679068722,3.421549134769375e-05,1.5301632907399823e-05,0.1,Along_DV
ecadGFPnbG4,wL3,36.356408888198374,-35.165794400969475,-8.339351654822377,0.3282689913228975,0.2813910365429069,0.14680635590065746,0.12584189719381345,0.012889944548510857,3.333050890944718e-05,1.4905856729237253e-05,0.1,Along_DV
ecadGFPnbG4,wL3,38.41040396048869,-36.986614446224564,-9.289830339175472,0.32772285188986733,0.2961849070471891,0.14656211492116775,0.13245791721339426,0.01288948492326766,3.6343825523865034e-05,1.6253452886750822e-05,0.1,Along_DV
ecadGFPnbG4,wL3,40.464399032779,-38.7816263118325,-10.28817428308007,0.32730156257567844,0.31068580270446194,0.14637370861222362,0.13894291489825297,0.01288853750549238,4.238114271692522e-05,1.8953423215832984e-05,0.1,Along_DV
ecadGFPnbG4,wL3,42.51839410506932,-40.549570683002415,-11.333677319029636,0.3270324273382984,0.3248532702078665,0.14625334767503917,0.14527879897957932,0.012886767235239854,4.790919272969778e-05,2.142564233814859e-05,0.1,Along_DV
ecadGFPnbG4,wL3,44.57238917735964,-42.289211285229094,-12.425598096853806,0.3269442037398793,0.33866131528074583,0.1462138928823822,0.15145394446344718,0.012883788939378093,5.038039911749035e-05,2.2530799432055767e-05,0.1,Along_DV
ecadGFPnbG4,wL3,46.626384249649945,-43.99933748809076,-13.563160169948384,0.32706872353415545,0.3521058873162954,0.14626957982729136,0.1574665398634235,0.012879173374210665,5.119400232731178e-05,2.2894653848830315e-05,0.1,Along_DV
ecadGFPnbG4,wL3,48.680379321940265,-45.67876690904686,-14.745552081505343,0.3274435954165925,0.3652124332054449,0.1464372276296879,0.16332796537509522,0.012872454663206842,6.0469409400096194e-05,2.7042741995575973e-05,0.1,Along_DV
ecadGFPnbG4,wL3,50.734374394230585,-47.32634811045786,-15.971927350916868,0.32811605704365315,0.37804326412889333,0.14673796161176142,0.16906608740562265,0.012862591941130892,9.135003613861251e-05,4.0852978110599995e-05,0.1,Along_DV
ecadGFPnbG4,wL3,52.788369466520905,-48.94096393643666,-17.24140319638341,0.329146051129552,0.390696369917991,0.14719858897025992,0.17472472833980635,0.012851003512195725,0.0001301179325833147,5.81905084696053e-05,0.1,Along_DV
ecadGFPnbG4,wL3,54.842364538811225,-50.521524753588814,-18.55306558835489,0.3306009075729947,0.40327218258279784,0.14784922055126823,0.18034880273796852,0.01284504796697814,0.00014615536317808428,6.536266546847323e-05,0.1,Along_DV
ecadGFPnbG4,wL3,56.89635961110153,-52.06694532934036,-19.905987238494163,0.3325398505360104,0.41581796355567635,0.1487163422052278,0.1859594465552045,0.012852718863309359,0.00011233686066878249,5.023857136686402e-05,0.1,Along_DV
ecadGFPnbG4,wL3,58.95035468339185,-53.57611870897781,-21.299248142510567,0.33498680457622027,0.42826885124912983,0.14981065331957322,0.19152765280776,0.012882181202677817,6.965024656427538e-05,3.114853719346818e-05,0.1,Along_DV
ecadGFPnbG4,wL3,61.00434975568217,-55.04789007090038,-22.731956142647682,0.33788899790911997,0.440388129558947,0.15110855363481532,0.19694755883555798,0.012941715161312798,0.0002770984000017751,0.00012392217177207939,0.1,Along_DV
ecadGFPnbG4,wL3,63.058344827972476,-56.48103058187238,-24.203267490171168,0.34106482917094416,0.4517079956293199,0.15252882855211686,0.20200995684146744,0.013039626663311817,0.00065577408668257,0.0002932710871410132,0.1,Along_DV
ecadGFPnbG4,wL3,65.11233990026278,-57.874211252275565,-25.71240740785665,0.34415731901954055,0.4614745554313117,0.15391183205635478,0.20637769516618154,0.013184015763534479,0.001209463707826411,0.0005408886134037599,0.1,Along_DV
ecadGFPnbG4,0hAPF,-62.03814443231917,56.250984746157016,-22.419232849295913,0.30761091053186435,0.43738817437664523,0.13756778131397093,0.19560593809214208,0.012858754979264062,0.0008799900666410948,0.00039354352170681154,0.1,Along_DV
ecadGFPnbG4,0hAPF,-59.98893220930727,54.73926422568468,-21.036544770971933,0.30556242312063314,0.42536247700402413,0.1366516698934578,0.1902278827317378,0.01283077248469298,0.00041149579345394757,0.00018402651332364794,0.1,Along_DV
ecadGFPnbG4,0hAPF,-57.939719986295366,53.1911287933313,-19.693551019761536,0.30432060476529466,0.4123551985292315,0.13609631184180904,0.1844108509573566,0.012771044354499606,0.0001510507943650843,6.755196885113413e-05,0.1,Along_DV
ecadGFPnbG4,0hAPF,-55.890507763283466,51.60830131053026,-18.391462825704686,0.303701640660621,0.39911085932831586,0.13581950267907253,0.17848780240329407,0.012678884936746657,0.00015006144081323568,6.710951649199126e-05,0.1,Along_DV
ecadGFPnbG4,0hAPF,-53.84129554027156,49.99235922553879,-17.131072668721988,0.3035405006665327,0.38602045617901143,0.13574743868293745,0.17263359614434964,0.012556837399312255,0.00018535114173687974,8.28915505261723e-05,0.1,Along_DV
ecadGFPnbG4,0hAPF,-51.79208331725966,48.344765513403935,-15.912848628232007,0.3037085229964297,0.3732056020416865,0.13582258055321497,0.16690261914978907,0.012410967043682952,0.00016211020336532938,7.249788691423833e-05,0.1,Along_DV
ecadGFPnbG4,0hAPF,-49.74287109424776,46.66689961592819,-14.73702873276846,0.30412234157547063,0.3606058562153874,0.13600764584783256,0.16126784151642423,0.012250802529286859,9.938277397454441e-05,4.444532767991565e-05,0.1,Along_DV
ecadGFPnbG4,0hAPF,-47.693658871235854,44.960088380548605,-13.603715310500444,0.3047398811910705,0.34806459066627204,0.13628381795968864,0.1556592170580846,0.01208912326518442,2.9448757101453345e-05,1.316988454634587e-05,0.1,Along_DV
ecadGFPnbG4,0hAPF,-45.644446648223955,43.225636037807604,-12.512969890830332,0.3055455878414251,0.3354124326552518,0.13664414092771196,0.15000099998314265,0.011942948750639608,3.331471257334331e-05,1.4898792392972517e-05,0.1,Along_DV
ecadGFPnbG4,0hAPF,-43.595234425212055,41.46484292269239,-11.464902153871591,0.3065294114351106,0.32253191296301653,0.1370841202143817,0.1442406564596701,0.011821394194937319,6.412788166785667e-05,2.867886053247802e-05,0.1,Along_DV
ecadGFPnbG4,0hAPF,-41.54602220220015,39.67900428611962,-10.459705399263665,0.30767531770085343,0.30937495618488253,0.1375965850755905,0.13835668651308325,0.011723886421749338,7.794262868124664e-05,3.485700321525845e-05,0.1,Along_DV
ecadGFPnbG4,0hAPF,-39.49680997918825,37.86940222769534,-9.497644912435748,0.30896023296084313,0.2959498903493204,0.13817121664892326,0.13235281455093786,0.011648726039984713,7.956314009308444e-05,3.558171795029515e-05,0.1,Along_DV
ecadGFPnbG4,0hAPF,-37.44759775617635,36.03729732655814,-8.579040575652662,0.3103549962419191,0.2823043613332785,0.13879497375072455,0.12625034845717478,0.011593513417091663,7.490405679596523e-05,3.349811255725667e-05,0.1,Along_DV
ecadGFPnbG4,0hAPF,-35.39838553316444,34.18392027298405,-7.70424945166509,0.3118262824335412,0.2685078112948602,0.13945295293848933,0.12008034370899863,0.0115552012232721,6.92104417475327e-05,3.095185050005449e-05,0.1,Along_DV
ecadGFPnbG4,0hAPF,-33.349173310152544,32.31046349999133,-6.873648367359846,0.31333940920550435,0.2546335442262031,0.1401296438026262,0.11387558284829784,0.011530135313382674,6.474491154394421e-05,2.8954804681894022e-05,0.1,Along_DV
ecadGFPnbG4,0hAPF,-31.29996108714064,30.418072816575357,-6.087616497004692,0.314861933730395,0.24074049646341603,0.14081053746963942,0.10766242300584919,0.01151407059588885,5.9123862079844796e-05,2.6440994940571012e-05,0.1,Along_DV
ecadGFPnbG4,0hAPF,-29.250748864128738,28.507839699508065,-5.34651837802687,0.3163677632646847,0.22685530288181066,0.14148396490987913,0.10145277566000652,0.01150361381227322,4.871653823215937e-05,2.1786698223115153e-05,0.1,Along_DV
ecadGFPnbG4,0hAPF,-27.20153664111684,26.580801281065657,-4.6506980154991755,0.31783948000547546,0.2129614402320615,0.14214213664508565,0.09523925138902962,0.011501549629358777,3.47217656041477e-05,1.552804563793766e-05,0.1,Along_DV
ecadGFPnbG4,0hAPF,-25.152324418104932,24.637953780163414,-4.000500373027475,0.3192670863716309,0.19900449666639716,0.14278058162105267,0.08899751647483886,0.011513067407749529,2.6564258129129137e-05,1.1879897389716826e-05,0.1,Along_DV
ecadGFPnbG4,0hAPF,-23.103112195093033,22.680270131995634,-3.3963035667435975,0.32064589095766866,0.1849038952545152,0.14339720177746645,0.08269153581871935,0.011544178160194037,3.821561146439669e-05,1.7090541007222258e-05,0.1,Along_DV
ecadGFPnbG4,0hAPF,-21.053899972081126,20.70871775996249,-2.8385514954611764,0.32197418031445274,0.17056493900659966,0.1439912308365782,0.07627895963937245,0.011601640814368024,6.0145574339448844e-05,2.6897918553754923e-05,0.1,Along_DV
ecadGFPnbG4,0hAPF,-19.004687749069227,18.724276347598895,-2.327786470838295,0.32325076750741677,0.15589086055089937,0.14456213798511283,0.06971651225255025,0.011692894812467335,8.218091546459606e-05,3.67524226864001e-05,0.1,Along_DV
ecadGFPnbG4,0hAPF,-16.955475526057327,16.727955610503226,-1.8646818475401012,0.32447250580534404,0.14079485756561325,0.14510851596208887,0.06296537447982235,0.011826001329264207,9.966019099565906e-05,4.456939234338122e-05,0.1,Along_DV
ecadGFPnbG4,0hAPF,-14.90626330304542,14.720813062149983,-1.4500746341583672,0.32563181021796517,0.12521211651800104,0.14562697265673613,0.05599656082817492,0.012009227173296663,0.00010914681850980403,4.881194114315082e-05,0.1,Along_DV
ecadGFPnbG4,0hAPF,-12.857051080033521,12.703970353977434,-1.084992192600977,0.3267145776386939,0.10911241054196004,0.14611120096805044,0.048796553432137464,0.012239470145296963,0.0001085183891517209,4.853089899040473e-05,0.1,Along_DV
ecadGFPnbG4,0hAPF,-10.807838857021622,10.678618510049748,-0.770629406275382,0.3277005497573588,0.09250809822474304,0.1465521411043013,0.04137087921995061,0.012498225766314557,9.950858464189258e-05,4.450159192081267e-05,0.1,Along_DV
ecadGFPnbG4,0hAPF,-8.758626634009715,8.646010704130497,-0.5082676675416934,0.3285656073501598,0.07544928355365306,0.14693900662069237,0.03374194537592503,0.012764929585275031,8.452945360592302e-05,3.780272087275172e-05,0.1,Along_DV
ecadGFPnbG4,0hAPF,-6.709414410997816,6.607452931229273,-0.29918362840984997,0.32928426579805903,0.058015655665412565,0.1472604004491138,0.025945389965416656,0.01301810981963492,6.644211085238821e-05,2.9713815286903305e-05,0.1,Along_DV
ecadGFPnbG4,0hAPF,-4.660202187985917,4.564294661814844,-0.14455786293732484,0.3298322826645724,0.04030907637386797,0.14750548104238184,0.0180267669764399,0.013235601653849214,4.92347127525173e-05,2.2018432913460893e-05,0.1,Along_DV
ecadGFPnbG4,0hAPF,-2.61098996497401,2.5179194960283153,-0.04538352962683813,0.33018936380172026,0.0224509791492079,0.14766517258161097,0.010040383107811851,0.0133948405947369,3.9280465762198215e-05,1.756675832642566e-05,0.1,Along_DV
ecadGFPnbG4,0hAPF,-0.5617777419621106,0.4697358178963341,-0.0023750338240680112,0.3303419241220887,0.004711164364812876,0.14773339963101356,0.002106896754579242,0.013473233782574794,4.190541657144914e-05,1.874067201584129e-05,0.1,Along_DV
ecadGFPnbG4,0hAPF,1.487434481049796,-1.5788325546235895,-0.015876992358951857,0.33028582194558725,0.013470333538232477,0.147708309974945,0.006024116294216616,0.013451311450462805,5.255900031661177e-05,2.3505099507475376e-05,0.1,Along_DV
ecadGFPnbG4,0hAPF,3.5366467040616953,-3.6263560113107305,-0.08579435288879916,0.33002834170128587,0.031122577259641238,0.14759316130912076,0.013918439677509385,0.013336102217977357,6.555268649374553e-05,2.9316052621549467e-05,0.1,Along_DV
ecadGFPnbG4,0hAPF,5.585858927073602,-5.671410066457656,-0.2116149826841569,0.32958718721760083,0.048555849831018426,0.14739587102630103,0.021714836185485774,0.013149352562519845,7.855109475147178e-05,3.512911751426357e-05,0.1,Along_DV
ecadGFPnbG4,0hAPF,7.635071150085494,-7.7125871175331735,-0.3924933100726027,0.32898745214320296,0.06567326604770336,0.14712766134733213,0.02936997743741873,0.012913070964951114,9.009812664355593e-05,4.02931071640752e-05,0.1,Along_DV
ecadGFPnbG4,0hAPF,9.6842833730974,-9.748508273114506,-0.6273389892009213,0.3282583459420914,0.08241880900675248,0.1468015951416317,0.036858811912734095,0.01264898912606357,9.875126269775002e-05,4.416290725122166e-05,0.1,Along_DV
ecadGFPnbG4,0hAPF,11.733495596109307,-11.77783518085138,-0.9149055671199555,0.32742991379410463,0.09875964082982201,0.1464311090221028,0.04416665406578915,0.012378235567822998,0.00010289877711747253,4.601773208725369e-05,0.1,Along_DV
ecadGFPnbG4,0hAPF,13.7827078191212,-13.799281855430175,-1.2538791508694629,0.326529825545405,0.11468563291744038,0.14602857732013458,0.051288974249196845,0.012121089895850052,0.00010078775701875429,4.507365519873323e-05,0.1,Along_DV
ecadGFPnbG4,0hAPF,15.831920042133106,-15.811626506538143,-1.6429670745629505,0.32558029231932395,0.13021029960198827,0.1456039331520522,0.05823181625613191,0.011896807763283357,9.064403804401466e-05,4.0537246164298765e-05,0.1,Along_DV
ecadGFPnbG4,0hAPF,17.881132265145013,-17.81372315115916,-2.0809857460696337,0.3245951452741677,0.1453713818683863,0.14516336199989172,0.06501205836815843,0.011719793500503183,7.234942345569655e-05,3.2355645795971045e-05,0.1,Along_DV
ecadGFPnbG4,0hAPF,19.93034448815692,-19.804506632979077,-2.5669255451260016,0.32357775374713965,0.16022683086932518,0.1447083706770583,0.07165561712863457,0.011587735350022301,5.0328003995200834e-05,2.2507367621030012e-05,0.1,Along_DV
ecadGFPnbG4,0hAPF,21.97955671116881,-21.78297876806021,-3.0999537227814997,0.3225225114709827,0.1748456637865682,0.1442364519846146,0.07819335795956796,0.011494284533068087,3.4456138987461483e-05,1.540925380362893e-05,0.1,Along_DV
ecadGFPnbG4,0hAPF,24.028768934180718,-23.748185980608746,-3.6793909391963133,0.3214185651007722,0.18929982407474566,0.14374275215915364,0.0846574549519765,0.01143377904901004,4.061398072868784e-05,1.816312434924249e-05,0.1,Along_DV
ecadGFPnbG4,0hAPF,26.077981157192625,-25.699196523209753,-4.304686625462814,0.32025364632923664,0.20365683729348555,0.14322178464686983,0.0910781064541696,0.011401269972408496,5.998163446120466e-05,2.6824602411359517e-05,0.1,Along_DV
ecadGFPnbG4,0hAPF,28.127193380204517,-27.63507769705554,-4.975394345415687,0.3190178124505821,0.2179729307306431,0.14266910293455606,0.09748045807371418,0.011392555174568591,7.761759570538334e-05,3.471164404946658e-05,0.1,Along_DV
ecadGFPnbG4,0hAPF,30.176405603216423,-29.554873072173972,-5.691147157442053,0.31770703153744534,0.2322863275998521,0.14208290388947944,0.10388160375141096,0.011404221330900462,8.699208303905401e-05,3.890404223592625e-05,0.1,Along_DV
ecadGFPnbG4,0hAPF,32.22561782622833,-31.457579707976617,-6.451632977080227,0.31632651465173955,0.24661035486098312,0.14146551796937457,0.11028750348490078,0.01143371759360592,8.411334931149069e-05,3.761663337513566e-05,0.1,Along_DV
ecadGFPnbG4,0hAPF,34.27483004924022,-33.342126039988145,-7.256570841254647,0.3148937232470694,0.2609268281637086,0.1408247541736906,0.1166900249854918,0.011480551643072729,6.793443239334922e-05,3.0381201768878517e-05,0.1,Along_DV
ecadGFPnbG4,0hAPF,36.32404227225213,-35.207360395130564,-8.10569677034531,0.3134398529220746,0.27518702026461606,0.14017456359825897,0.12306737676745873,0.011545178501040154,4.362311214670119e-05,1.950884883002413e-05,0.1,Along_DV
ecadGFPnbG4,0hAPF,38.373254495264035,-37.05206050655305,-8.99876231112342,0.312006263110444,0.2893241461939527,0.13953344274412754,0.12938969168435305,0.011627241753017535,2.038341378789333e-05,9.115739768647193e-06,0.1,Along_DV
ecadGFPnbG4,0hAPF,40.42246671827593,-38.874949822905265,-9.935535332669094,0.3106390078454253,0.30326892938124994,0.13892198760109228,0.1356259883120116,0.011725773198190102,2.2618299661693916e-05,1.0115211115801618e-05,0.1,Along_DV
ecadGFPnbG4,0hAPF,42.471678941287834,-40.674714027849554,-10.915800819787197,0.30938423563067163,0.3169658235508551,0.13836083640739885,0.14175142560078316,0.011839192269141029,3.874296154232756e-05,1.7326379131660904e-05,0.1,Along_DV
ecadGFPnbG4,0hAPF,44.52089116429974,-42.450017559573084,-11.939361666423135,0.30828480242645984,0.33038985033130536,0.13786915493113125,0.14775483288335603,0.011965302205590564,4.982632347374768e-05,2.2283009271238653e-05,0.1,Along_DV
ecadGFPnbG4,0hAPF,46.57010338731163,-44.19952013030005,-13.00603946907872,0.3073783065269931,0.34356384613596475,0.13746375764062477,0.15364642291425912,0.012101283903554454,6.259487410187636e-05,2.7993278706967327e-05,0.1,Along_DV
ecadGFPnbG4,0hAPF,48.61931561032354,-45.92189326244083,-14.115675244322318,0.3066968103317049,0.35657570280745376,0.1371589832768104,0.15946550212044583,0.012242918488741868,9.827830347107448e-05,4.395139345493521e-05,0.1,Along_DV
ecadGFPnbG4,0hAPF,50.668527833335446,-47.615836043756914,-15.268123219111368,0.30626891867866773,0.3695856664245633,0.13696762431217122,0.16528373472697702,0.012381563921825808,0.000153719935720869,6.874564515375225e-05,0.1,Along_DV
ecadGFPnbG4,0hAPF,52.71774005634734,-49.280068366014014,-16.46321751168228,0.3061302383659334,0.3827777620366452,0.13690560459088824,0.1711834192378354,0.012516829215466773,0.00019243852911096166,8.606112651643649e-05,0.1,Along_DV
ecadGFPnbG4,0hAPF,54.766952279359245,-50.91328024115389,-17.70073295717234,0.30634380998606714,0.39625635815264026,0.137001116723025,0.1772112306691613,0.012652844716515333,0.00018204563120758084,8.141328127740157e-05,0.1,Along_DV
ecadGFPnbG4,0hAPF,56.81616450237115,-52.51406871681307,-18.98035035822395,0.3070101618429022,0.40993248005405064,0.13729911833278827,0.18332737831718676,0.012796502233131534,0.0001527563835094081,6.831473150481288e-05,0.1,Along_DV
ecadGFPnbG4,0hAPF,58.86537672538306,-54.08087452183037,-20.301621920474393,0.3082559691775879,0.42340953925547337,0.1378562603102333,0.1893545024194208,0.012957490451501694,0.0003352418364354233,0.00014992470703429446,0.1,Along_DV
ecadGFPnbG4,0hAPF,60.91458894839495,-55.6119187117542,-21.66393668804559,0.3102011690635734,0.43586974609617074,0.138726180145211,0.19492687632132227,0.013148172709189354,0.0007682785203342042,0.000343584599424047,0.1,Along_DV
ecadGFPnbG4,0hAPF,62.96380117140684,-57.10513931435005,-23.066485979033917,0.31291973072274726,0.4459654744705519,0.13994195787939845,0.1994418233068202,0.013383140630776499,0.0014315459057993578,0.0006402067916557748,0.1,Along_DV
ecadGFPnbG4,2hAPF,-62.19849401853457,54.46201810293068,-26.357088562587585,0.3274232959558221,0.4676983481251046,0.14642814943485002,0.20916105987441902,0.01233892899996232,0.0006873652506339548,0.00030739908515774064,0.1,Along_DV
ecadGFPnbG4,2hAPF,-60.1434239150709,53.042609093252636,-24.87199648057449,0.324018248216151,0.4580801105313259,0.1449053657923427,0.2048596532577324,0.011816227838447773,0.0003735700404786034,0.00016706560097350107,0.1,Along_DV
ecadGFPnbG4,2hAPF,-58.088353811607234,51.586727536050965,-23.42105640846171,0.3215507341525462,0.44766891673424664,0.1438018599560113,0.20020362584629373,0.011466090719833965,0.0002211281231924605,9.889150303905789e-05,0.1,Along_DV
ecadGFPnbG4,2hAPF,-56.03328370814357,50.096885193183496,-22.00473378374454,0.3198381315246981,0.43713233470456403,0.14303596077714867,0.1954915231125191,0.011248477531326127,0.00017638505787190002,7.888179592336056e-05,0.1,Along_DV
ecadGFPnbG4,2hAPF,-53.9782136046799,48.57489548709299,-20.6234631851948,0.31873095055170936,0.4267610577379575,0.14254081439334923,0.19085334705035711,0.011127853708567864,0.0001446589873522262,6.469346585517201e-05,0.1,Along_DV
ecadGFPnbG4,2hAPF,-51.92314350121623,47.02203560731259,-19.2776663522617,0.3181168528322366,0.4165672834809662,0.1422661815442355,0.18629455261317313,0.011072838931554977,9.264328695987122e-05,4.143133746025837e-05,0.1,Along_DV
ecadGFPnbG4,2hAPF,-49.86807339775257,45.43920861697151,-17.967770204472725,0.3179198726447408,0.40638749706523686,0.14217808932634327,0.18174201372877316,0.011056091839073339,5.074114605924652e-05,2.2692130368944158e-05,0.1,Along_DV
ecadGFPnbG4,2hAPF,-47.813003294288904,43.827105552513,-16.69422486661834,0.3180930968944851,0.39598598478164776,0.1422555575658992,0.17709031602179232,0.011054604491160604,7.814978469377811e-05,3.494964620045208e-05,0.1,Along_DV
ecadGFPnbG4,2hAPF,-45.757933190825234,42.186364443597704,-15.457523951398661,0.31860520228327327,0.38515498444267693,0.14248457805809403,0.1722465454173399,0.011058037970023072,0.00011148507072405539,4.985763932307191e-05,0.1,Along_DV
ecadGFPnbG4,2hAPF,-43.702863087361564,40.51768849772233,-14.258239617419799,0.31942549309239693,0.3737780653862956,0.1428514232601978,0.16715863254042362,0.0110735837002389,0.00012458030131843494,5.571400448108544e-05,0.1,Along_DV
ecadGFPnbG4,2hAPF,-41.6477929838979,38.8218676028786,-13.097051373046892,0.3205226421738885,0.36183441416049844,0.1433420832457311,0.1618172693323374,0.011109107926308624,0.00011994068609105252,5.3639105473511394e-05,0.1,Along_DV
ecadGFPnbG4,2hAPF,-39.59272288043424,37.099750429726065,-11.974750274442298,0.32186514770979363,0.34937525045719897,0.14394246997342186,0.15624536193566227,0.011171343181950736,0.0001034687035749999,4.6272610947495055e-05,0.1,Along_DV
ecadGFPnbG4,2hAPF,-37.53765277697057,35.3522123954447,-10.892238853690124,0.3234209209652015,0.3364962632949212,0.14463823292475547,0.15048570378042223,0.011266033357395405,8.18193199463009e-05,3.659071225454665e-05,0.1,Along_DV
ecadGFPnbG4,2hAPF,-35.4825826735069,33.58012361404538,-9.850531020446429,0.3251577547474112,0.323309413936361,0.14541496860528327,0.1445883654654642,0.011397887011447009,6.12360423550636e-05,2.7385590675795703e-05,0.1,Along_DV
ecadGFPnbG4,2hAPF,-33.427512570043234,31.78431684668029,-8.850751963589449,0.32704469934520686,0.3099142445087069,0.14625883588337268,0.1385978635833919,0.011570501865044443,4.5110156966859344e-05,2.0173875490716644e-05,0.1,Along_DV
ecadGFPnbG4,2hAPF,-31.372442466579567,29.9655554599261,-7.894138047774247,0.3290542881777722,0.29636886553645164,0.1471575513306608,0.1325401859508001,0.011786115858522487,3.356924108430473e-05,1.5012621003516825e-05,0.1,Along_DV
ecadGFPnbG4,2hAPF,-29.3173723631159,28.124503776449075,-6.982036102558196,0.33116506816919344,0.2826627911982697,0.14810152083993366,0.12641064316583206,0.012042998722625906,3.8149889718907974e-05,1.7061149349119716e-05,0.1,Along_DV
ecadGFPnbG4,2hAPF,-27.262302259652238,26.261724157660325,-6.115904664527932,0.3333604763737148,0.26870698075941274,0.14908333723666778,0.12016941500135499,0.01233782087083964,6.82774334096421e-05,3.0534596486635e-05,0.1,Along_DV
ecadGFPnbG4,2hAPF,-25.207232156188567,24.377719760075284,-5.297330102144859,0.33562546151119027,0.25434926035882105,0.15009626938375215,0.11374844723782328,0.012669163728292552,0.00011215363378983619,5.0156629815538215e-05,0.1,Along_DV
ecadGFPnbG4,2hAPF,-23.152162052724897,22.472991267364414,-4.5280505500740365,0.33794476927221895,0.23939748638244754,0.15113349534663273,0.10706181063874658,0.01303737156358947,0.0001611796945864123,7.208175073757454e-05,0.1,Along_DV
ecadGFPnbG4,2hAPF,-21.097091949261234,20.548094082131595,-3.8099802319963807,0.3403010168868061,0.22364313124204876,0.15218724131424044,0.1000162488316256,0.013444663222417075,0.0002091127462340991,9.351806310822174e-05,0.1,Along_DV
ecadGFPnbG4,2hAPF,-19.04202184579757,18.603695517698107,-3.1452337834279236,0.34267240763867246,0.20688500761355683,0.15324775949871797,0.09252178810989492,0.013895260236592533,0.0002500820506332752,0.00011184009303370952,0.1,Along_DV
ecadGFPnbG4,2hAPF,-16.9869517423339,16.64063198988665,-2.5361505745390907,0.3450301892034969,0.18895314975777291,0.1543021914697266,0.08450241748421562,0.014395530289087539,0.00027826941977362573,0.00012444586773465024,0.1,Along_DV
ecadGFPnbG4,2hAPF,-14.93188163887023,14.659966181004492,-1.9853189961757942,0.3473359527676711,0.16973287550161614,0.15533336028363376,0.07590684952762448,0.014953586718217612,0.0002877457742415916,0.00012868382228850136,0.1,Along_DV
ecadGFPnbG4,2hAPF,-12.876811535406567,12.663038703743462,-1.495590941411344,0.34953996786253094,0.14918952106407174,0.1563190257987422,0.06671958212598023,0.015562488654507647,0.00027515854259804214,0.00012305464116779875,0.1,Along_DV
ecadGFPnbG4,2hAPF,-10.821741431942904,10.65147914829948,-1.0700170332230377,0.3515841572987065,0.12738168063341807,0.1572332151063773,0.05696681939689825,0.016192883987463526,0.00024416334967750975,0.00010919316949859262,0.1,Along_DV
ecadGFPnbG4,2hAPF,-8.766671328479234,8.62717335268637,-0.7116909542755313,0.35340634466385196,0.10444911067404838,0.1580481220696186,0.04671106233131421,0.016810502222902375,0.00019938615070580723,8.916819735004052e-05,0.1,Along_DV
ecadGFPnbG4,2hAPF,-6.711601225015563,6.592223592061328,-0.423578149199058,0.3549443679994578,0.08059470570931301,0.15873594701549773,0.03604304811852286,0.01737765011557771,0.0001458404748790652,6.522184314008804e-05,0.1,Along_DV
ecadGFPnbG4,2hAPF,-4.6565311215519,4.548908714906035,-0.20834439703177673,0.3561407295403124,0.05606882312088224,0.1592709761617012,0.025074739983340918,0.01785371855472923,8.966808240532772e-05,4.0100785534073124e-05,0.1,Along_DV
ecadGFPnbG4,2hAPF,-2.601461018088237,2.4996442792077427,-0.06818438366212218,0.35694759925202574,0.031170274903226932,0.15963181926657652,0.01393977071219422,0.018196122212314553,4.405687324560343e-05,1.970283269065221e-05,0.1,Along_DV
ecadGFPnbG4,2hAPF,-0.5463909146245669,0.4469426886404026,-0.004650274271156524,0.3573319029474393,0.006711475738171713,0.15980368510396634,0.0030014631959785058,0.018361660891746436,5.109309034717218e-05,2.2849524639363065e-05,0.1,Along_DV
ecadGFPnbG4,2hAPF,1.5086791888391033,-1.6066266763439772,-0.01848089032728367,0.35728016074257707,0.019408451106914245,0.1597805452864908,0.008679723202608257,0.018313457147079482,8.891857171380221e-05,3.9765594162850346e-05,0.1,Along_DV
ecadGFPnbG4,2hAPF,3.5637492923027665,-3.6584776712103375,-0.10947172087272591,0.3568018225769722,0.04394016422506095,0.1595666259555858,0.01965063882994813,0.018065702066168126,0.00012457965029792655,5.5713713335863136e-05,0.1,Along_DV
ecadGFPnbG4,2hAPF,5.61881939576643,-5.706049077454553,-0.2765204188358902,0.3559278180875614,0.06806272044123383,0.1591757592653933,0.030438573928032665,0.01766057781567521,0.00015453768284815245,6.911135278675444e-05,0.1,Along_DV
ecadGFPnbG4,2hAPF,7.673889499230093,-7.746847253351166,-0.5177863996066181,0.3547057613036225,0.09153828266869003,0.15862923885714286,0.04093716451815635,0.01714068049263589,0.00017832817037568554,7.975078225263941e-05,0.1,Along_DV
ecadGFPnbG4,2hAPF,9.72895960269377,-9.778488862099774,-0.8308596328745252,0.3531944504070619,0.11423918740341286,0.15795336007717373,0.05108931774567377,0.016547252839800304,0.00019545373425506628,8.740956725010148e-05,0.1,Along_DV
ecadGFPnbG4,2hAPF,11.784029706157433,-11.798743600003098,-1.2129294382340772,0.3514581769498188,0.13608419599107188,0.1571768749815889,0.060858702579888214,0.01591901836206031,0.00020501863671195048,9.168712166845105e-05,0.1,Along_DV
ecadGFPnbG4,2hAPF,13.839099809621096,-13.805576924645141,-1.66095328078969,0.3495611298633643,0.1570305957698402,0.15632848973322286,0.07022621733773071,0.015291453077555393,0.00020581010662859767,9.204107777560488e-05,0.1,Along_DV
ecadGFPnbG4,2hAPF,15.894169913084774,-15.797192783069217,-2.171825566760707,0.3475621423375918,0.1770714442032134,0.1554345153344626,0.07918875722248925,0.014696452845210525,0.00019660767389862894,8.792562474708907e-05,0.1,Along_DV
ecadGFPnbG4,2hAPF,17.949240016548437,-17.77207566674496,-2.7425450931429394,0.34550986579996507,0.1962328696526724,0.15451670936511033,0.0877580071926462,0.014156952505862958,0.00017860511665328678,7.98746363932058e-05,0.1,Along_DV
ecadGFPnbG4,2hAPF,20.0043101200121,-19.729012669511597,-3.370344467555699,0.3434381214541259,0.21456552981369445,0.1535901971272509,0.09595662205833572,0.013670833430648061,0.00015728853388545733,7.034157076983234e-05,0.1,Along_DV
ecadGFPnbG4,2hAPF,22.059380223475763,-21.66705916208669,-4.0527158091393165,0.34136584128451314,0.23213279452634752,0.1526634452617151,0.10381294167358082,0.013231200589370658,0.00013881124086178884,6.207827412161127e-05,0.1,Along_DV
ecadGFPnbG4,2hAPF,24.114450326939426,-23.585479361787332,-4.7873918173943855,0.3393013701116425,0.24900318621667988,0.15174018568568962,0.11135761019890697,0.012833488884175126,0.00012892330733077126,5.76562558151403e-05,0.1,Along_DV
ecadGFPnbG4,2hAPF,26.169520430403104,-25.483685693625507,-5.572324803404354,0.3372471136441851,0.26524434388417384,0.15082149426479893,0.11862087671446865,0.012475289461821637,0.00012921157417989006,5.778517266919816e-05,0.1,Along_DV
ecadGFPnbG4,2hAPF,28.224590533866767,-27.361178151379754,-6.405665721029038,0.33520408899980103,0.28091783388191893,0.14990782586788892,0.12563027453039285,0.012156187874550499,0.00013516560197191768,6.044789484577751e-05,0.1,Along_DV
ecadGFPnbG4,2hAPF,30.27966063733043,-29.217483658667028,-7.285743198098198,0.333176295786255,0.2960743508195718,0.14900096917392858,0.13240847496533661,0.011877619702259984,0.00013965225777439028,6.245438831897203e-05,0.1,Along_DV
ecadGFPnbG4,2hAPF,32.33473074079411,-31.05209543101201,-8.211042568288324,0.3311747967903973,0.3107487151163379,0.1481058716116015,0.13897105018416958,0.011642754788920004,0.00013703077591175957,6.128202598964703e-05,0.1,Along_DV
ecadGFPnbG4,2hAPF,34.38980084425777,-32.8644140579831,-9.180185738926449,0.3292217299223811,0.32495468404269906,0.14723243355530413,0.14532415262528825,0.01145547965893555,0.0001262149475887391,5.644504051699875e-05,0.1,Along_DV
ecadGFPnbG4,2hAPF,36.444870947721434,-34.65371452882056,-10.191919504832963,0.3273543033206712,0.3386851458688329,0.1463972949904212,0.15146460182642849,0.011315355975333397,0.00011333055229049687,5.0682963769829094e-05,0.1,Along_DV
ecadGFPnbG4,2hAPF,38.4999410511851,-36.41916301521421,-11.245113628442358,0.32562174697512386,0.3519218762256856,0.14562247223772268,0.15738424760198003,0.011219437782743513,0.00010604533096947545,4.742491374884215e-05,0.1,Along_DV
ecadGFPnbG4,2hAPF,40.55501115464876,-38.159849475531885,-12.338759886651728,0.32407830540902155,0.3646484348690343,0.144932224185502,0.16307573765121305,0.011163568844723528,0.0001065211012727784,4.7637684696814374e-05,0.1,Along_DV
ecadGFPnbG4,2hAPF,42.61008125811244,-39.87482075042387,-13.471971051479292,0.3227773230154293,0.3768640418599729,0.14435040717158146,0.16853872317484514,0.0111424770312934,0.00010886231500151168,4.868470730627504e-05,0.1,Along_DV
ecadGFPnbG4,2hAPF,44.6651513615761,-41.563113658427135,-14.64397987072283,0.32176692496153225,0.3885984479463933,0.143898543425012,0.1737865091118098,0.01114982987971325,0.00010516302443860329,4.7030334272837724e-05,0.1,Along_DV
ecadGFPnbG4,2hAPF,46.720221465039764,-43.22378809156986,-15.85413804861821,0.3210874986951377,0.3999274460875539,0.14359469476154058,0.17885299110393055,0.011178263354038195,9.477919729556185e-05,4.238654560114811e-05,0.1,Along_DV
ecadGFPnbG4,2hAPF,48.77529156850344,-44.85596010027677,-17.101915152168083,0.3207712142928702,0.4109883229576426,0.143453248076802,0.18379956561838523,0.011218893991834572,0.00010101008103714307,4.517308152236287e-05,0.1,Along_DV
ecadGFPnbG4,2hAPF,50.830361671967104,-46.45882911292278,-18.386890496606235,0.3208429312944859,0.4219855491359447,0.143485320894953,0.18871767467811,0.01126570840090529,0.0001485782827388435,6.644622803684754e-05,0.1,Along_DV
ecadGFPnbG4,2hAPF,52.88543177543077,-48.031638676748514,-19.70871945047469,0.3213297981152534,0.43314129441488103,0.14370305435639807,0.19370667563478478,0.011334803400074244,0.00019499018523242453,8.720226182499537e-05,0.1,Along_DV
ecadGFPnbG4,2hAPF,54.94050187889443,-49.573533321230386,-21.067100789009867,0.32229442806925357,0.4445886514637146,0.14413444998645344,0.19882608933956544,0.01145050116787458,0.00020057036745322674,8.969779517950527e-05,0.1,Along_DV
ecadGFPnbG4,2hAPF,56.99557198235809,-51.083388762460935,-22.461751664086826,0.3238613006794669,0.4562539992034447,0.14483517672015736,0.20404299144500745,0.011641659377288562,0.00022429338202629886,0.00010030704982282675,0.1,Along_DV
ecadGFPnbG4,2hAPF,59.05064208582177,-52.559641527735224,-23.89238288351299,0.32621843610710544,0.4677399274779206,0.1458893197298319,0.20917965472629044,0.011941688262129544,0.00047193800905980616,0.00021105709388472764,0.1,Along_DV
ecadGFPnbG4,2hAPF,61.105712189285434,-54.000118580137084,-25.358674190321874,0.3295966014629982,0.4782108706446249,0.1474000812048341,0.21386240286814798,0.012388661700391648,0.0009886491497835136,0.00044213734096266153,0.1,Along_DV
ecadGFPnbG4,2hAPF,63.16078229274912,-55.4018669431257,-26.860249542066903,0.3342507015804591,0.48629013726541015,0.14948145805218058,0.21747556074263213,0.013025352058718015,0.001781041212990369,0.0007965058445950293,0.1,Along_DV
ecadGFPnbG4,4hAPF,-67.35552885389009,55.49254011031453,-33.10845847999717,0.38817944755744355,0.5273997044317136,0.1735991264413517,0.2358603180845217,0.012315482494836718,0.0008349391185908678,0.0003733961252485878,0.1,Along_DV
ecadGFPnbG4,4hAPF,-65.30471065994556,54.32645380793159,-31.42149178100965,0.3824876389419882,0.5186008893754154,0.17105367224553625,0.23192536836705543,0.01194050116166788,0.00040826584965432156,0.0001825820385437544,0.1,Along_DV
ecadGFPnbG4,4hAPF,-63.253892466001034,53.11939318794274,-29.763639549840907,0.3771750782367875,0.5091469615420002,0.16867782287125166,0.2276974433090767,0.011698746956650295,0.00017139980816713941,7.665232447842947e-05,0.1,Along_DV
ecadGFPnbG4,4hAPF,-61.2030742720565,51.872851706638144,-28.13521665259315,0.3723216425889379,0.4995540819832793,0.16650730046464918,0.22340737715042308,0.011572843189846655,0.0001434301000834719,6.414389076124828e-05,0.1,Along_DV
ecadGFPnbG4,4hAPF,-59.15225607811197,50.587958730430685,-26.536821494435095,0.3678961441918804,0.4900611076958668,0.1645281574146218,0.2191619899873607,0.011544353792286022,0.0001611680018232204,7.207652157490617e-05,0.1,Along_DV
ecadGFPnbG4,4hAPF,-57.10143788416744,49.265548609896896,-24.969293361613442,0.3638149403898526,0.4806936498865262,0.16270298758834886,0.21497273549975132,0.011594398859502428,0.00013781791495176936,6.163404526988818e-05,0.1,Along_DV
ecadGFPnbG4,4hAPF,-55.05061969022291,47.90622975381824,-23.433669763464525,0.3599916264999345,0.4713298133999827,0.16099314963691364,0.2107851005169305,0.011703961946313382,0.00010127672595630292,4.529232875538214e-05,0.1,Along_DV
ecadGFPnbG4,4hAPF,-52.99980149627838,46.51045370322206,-21.93114377442589,0.3563707203357792,0.461765346257525,0.1593738311722738,0.20650774077711082,0.01185406426011804,0.00011262634650432727,5.036803336822431e-05,0.1,Along_DV
ecadGFPnbG4,4hAPF,-50.94898330233384,45.07858415442457,-20.463021423571952,0.3529456245729483,0.45177806187002373,0.1578420817812465,0.20204129141689575,0.012026659875774311,0.00015629007500563217,6.989504638422687e-05,0.1,Along_DV
ecadGFPnbG4,4hAPF,-48.89816510838932,43.61096105018076,-19.030683333079395,0.3497594641412718,0.44118392826114833,0.15641718751875677,0.19730345083446363,0.012213357900340676,0.00018817486727201637,8.41543589754458e-05,0.1,Along_DV
ecadGFPnbG4,4hAPF,-46.847346914444785,42.10793683993039,-17.63556804325349,0.34688487852562633,0.4298547327008691,0.1551316337500115,0.192236880553829,0.012413857944988943,0.00020183350480287005,9.026268737524954e-05,0.1,Along_DV
ecadGFPnbG4,4hAPF,-44.796528720500255,40.56988752963565,-16.27917389167783,0.34440541846276695,0.41771075927248,0.1540227855004016,0.18680593053326316,0.012628479333465198,0.00020202922347697277,9.03502154272015e-05,0.1,Along_DV
ecadGFPnbG4,4hAPF,-42.745710526555726,38.997220471110815,-14.963063910616782,0.34240294813148525,0.4047122231189581,0.15312725354366713,0.18099280844381044,0.012857767598417169,0.00019623292134994262,8.775803031236829e-05,0.1,Along_DV
ecadGFPnbG4,4hAPF,-40.69489233261119,37.390382193564605,-13.688870786852169,0.34094659863029325,0.39085073122856795,0.15247595424693447,0.17479376081651557,0.013102491419582946,0.00019189074974098035,8.581615213484645e-05,0.1,Along_DV
ecadGFPnbG4,4hAPF,-38.64407413866667,35.74986623516357,-12.458301821512212,0.340083709513869,0.3761412668722652,0.1520900585026606,0.16821548837385492,0.013363634152768223,0.00019326226511460112,8.642951245636686e-05,0.1,Along_DV
ecadGFPnbG4,4hAPF,-36.59325594472213,34.07622097459531,-11.273143889900474,0.33983356936590897,0.3606151665104037,0.15197819242771252,0.16127200520693366,0.013642385564276776,0.00019887368492797614,8.8939015686966e-05,0.1,Along_DV
ecadGFPnbG4,4hAPF,-34.5424377507776,32.37005746264064,-10.135268401313711,0.3401845591962498,0.34431426984564195,0.15213515985172316,0.15398202259961227,0.013940132962830813,0.00020244909070438798,9.053798575960646e-05,0.1,Along_DV
ecadGFPnbG4,4hAPF,-32.49161955683307,30.632057400699193,-9.046636041361495,0.3410949226289899,0.3272863427030586,0.15254228675569054,0.14636690207826625,0.014257412995359237,0.00019651020579616944,8.788203568654161e-05,0.1,Along_DV
ecadGFPnbG4,4hAPF,-30.440801362888543,28.862983428922444,-8.009296291216236,0.3424976546060771,0.3095847516452202,0.15316960756668646,0.13845050989522042,0.014590540152340237,0.00017943766440944238,8.024696306866155e-05,0.1,Along_DV
ecadGFPnbG4,4hAPF,-28.389983168944006,27.06369331265774,-7.0253710766760396,0.3443082023473715,0.2912698764242882,0.15397930913189506,0.13025984869653434,0.01493402490534646,0.00015485680964874988,6.925407063067001e-05,0.1,Along_DV
ecadGFPnbG4,4hAPF,-26.339164974999477,25.23515484062509,-6.097029487021954,0.34643150636256037,0.2724065103971594,0.15492887955486717,0.12182389495231033,0.015282261662948073,0.00012882390475443925,5.76118016315769e-05,0.1,Along_DV
ecadGFPnbG4,4hAPF,-24.288346781054948,23.378460669137628,-5.226461769966187,0.3487680028324822,0.2530599349810981,0.15597379254205387,0.11317184339988244,0.0156296413591094,0.0001097053146546462,4.906170821215855e-05,0.1,Along_DV
ecadGFPnbG4,4hAPF,-22.23752858711042,21.4948431660017,-4.41585332575454,0.35121874570735095,0.23329170639928273,0.15706979807476984,0.10433122281914377,0.01597066406431139,0.00010496727720280098,4.694279344770539e-05,0.1,Along_DV
ecadGFPnbG4,4hAPF,-20.18671039316589,19.585689254417037,-3.667358701268852,0.35368977919010797,0.2131557352474272,0.15817487784319437,0.09532614276143903,0.016300074792527205,0.00011314149323757525,5.05984139910102e-05,0.1,Along_DV
ecadGFPnbG4,4hAPF,-18.13589219922136,17.65255525687684,-2.9830755841294323,0.35609590516518747,0.1926951320638472,0.15925093009173552,0.08617588284561233,0.01661302153544464,0.00012443124748509274,5.564734558035342e-05,0.1,Along_DV
ecadGFPnbG4,4hAPF,-16.085074005276823,15.697181723962254,-2.3650187944501972,0.35836396758696537,0.1719400551496521,0.16026523844219717,0.07689393027393697,0.016905268159492202,0.00012975130730485834,5.8026548660625657e-05,0.1,Along_DV
ecadGFPnbG4,4hAPF,-14.034255811332294,13.721505776888245,-1.815094181796685,0.36043568480477456,0.15090685514800423,0.1611917385480328,0.0674875972763303,0.017174313591442985,0.000127466627862331,5.700480895256816e-05,0.1,Along_DV
ecadGFPnbG4,4hAPF,-11.983437617387764,11.727656508105438,-1.335072839901894,0.3622686414718673,0.12960022106368232,0.16201146168951897,0.05795898083947875,0.017418740448334184,0.00012308017968634498,5.504312969231122e-05,0.1,Along_DV
ecadGFPnbG4,4hAPF,-9.932619423443235,9.717933370016855,-0.9265664699826077,0.36383442365030205,0.10801755819028556,0.1627117007673065,0.048306920575403534,0.01763634100545503,0.00012362899049978335,5.5288565349438254e-05,0.1,Along_DV
ecadGFPnbG4,4hAPF,-7.881801229498706,7.694782053110724,-0.5910030612353238,0.36511614575008117,0.08615343712384732,0.16328490431598047,0.038528988380835315,0.01782405578763229,0.00013345678228468894,5.9683687449390827e-05,0.1,Along_DV
ecadGFPnbG4,4hAPF,-5.830983035554169,5.660770349641843,-0.3296025752088255,0.3661060659026837,0.06400538695331173,0.1637276100666837,0.028624079230756636,0.01797805333799435,0.00015094351490180564,6.750399201663798e-05,0.1,Along_DV
ecadGFPnbG4,4hAPF,-3.78016484160964,3.618564017313022,-0.14335263017675787,0.36680331325205906,0.04158856360490934,0.16403942856075068,0.018598971061430197,0.018093839126282454,0.00017042743544495146,7.62174661771737e-05,0.1,Along_DV
ecadGFPnbG4,4hAPF,-1.7293466476651105,1.5709026429564108,-0.03298418551019256,0.3672117089319438,0.01903388611879136,0.16422206866113861,0.008512212647521422,0.01816639117031519,0.0001857899822507123,8.308780597021441e-05,0.1,Along_DV
ecadGFPnbG4,4hAPF,0.321471546279426,-0.47942449378612934,0.0010527739126215672,0.36733762498210226,0.006049853203386775,0.16427838003066111,0.002705576603333538,0.018190323638293128,0.00019199669782967666,8.586353356052867e-05,0.1,Along_DV
ecadGFPnbG4,4hAPF,2.3722897402239482,-2.529602579688044,-0.04138725998240189,0.36718787409962517,0.02814694263665266,0.16421140940007925,0.012587695418868502,0.018162899336353434,0.00018679150203606713,8.353569923438729e-05,0.1,Along_DV
ecadGFPnbG4,4hAPF,4.423107934168485,-4.576815805953849,-0.16013526549587956,0.36676880045796656,0.05159595760140606,0.16402399397001383,0.02307441371218819,0.01808841742341626,0.00017272635397829652,7.724557380023245e-05,0.1,Along_DV
ecadGFPnbG4,4hAPF,6.473926128113007,-6.618272620241399,-0.35472298971090976,0.36608769968236865,0.07527985927196347,0.1637193964432609,0.03366617653374563,0.01797197770647512,0.00015379521711735976,6.877931201775113e-05,0.1,Along_DV
ecadGFPnbG4,4hAPF,8.524744322057543,-8.65123118576605,-0.6244055996919446,0.36515475096595834,0.09904977730168449,0.16330216909337797,0.04429640704055644,0.017818204282420626,0.00013450068136868504,6.015053331208384e-05,0.1,Along_DV
ecadGFPnbG4,4hAPF,10.57556251600208,-10.673024845121203,-0.9681845011510319,0.3639847701054208,0.12278788023150201,0.16277893774607083,0.05491240940214822,0.017631105889101335,0.0001192682000462116,5.333836057147454e-05,0.1,Along_DV
ecadGFPnbG4,4hAPF,12.626380709946602,-12.681087584098997,-1.384830157114064,0.36259878799748685,0.14637560763057267,0.16215910770428307,0.06546116178195947,0.01741395904134856,0.00011100898501264177,4.964472732030447e-05,0.1,Along_DV
ecadGFPnbG4,4hAPF,14.677198903891139,-14.672979495510992,-1.8729049065870385,0.36102544813833276,0.16969325513259428,0.16145548872892737,0.07588913075993918,0.017169217354034472,0.00010934650421651781,4.890124330602024e-05,0.1,Along_DV
ecadGFPnbG4,4hAPF,16.72801709783566,-16.646412243008697,-2.430785783222283,0.35930218446016904,0.19262444700932327,0.1606848217834213,0.08614427152823058,0.016898447926288966,0.00011098006628102761,4.9631794470362e-05,0.1,Along_DV
ecadGFPnbG4,4hAPF,18.778835291780197,-18.59927443136195,-3.0566873427505663,0.35747608533348546,0.21506170563881857,0.1598681654272378,0.09617851863308963,0.0166026055746299,0.00011269580641759239,5.039909678577872e-05,0.1,Along_DV
ecadGFPnbG4,4hAPF,20.829653485724734,-20.529651845710198,-3.748685029483204,0.3556034530850535,0.23691103488036075,0.15903069882636736,0.10594983572246207,0.016284589385230197,0.000115195610138007,5.151704299562951e-05,0.1,Along_DV
ecadGFPnbG4,4hAPF,22.880471679669256,-22.43582729327083,-4.504740699009875,0.3537466847760853,0.2580927373518987,0.15820032679490334,0.11542258104356891,0.015948938869459858,0.00012093650122936953,5.4084447541971424e-05,0.1,Along_DV
ecadGFPnbG4,4hAPF,24.931289873613792,-24.31626788080648,-5.322729438716818,0.35197047061396913,0.2785404921801147,0.15740597967308542,0.124567095000197,0.01560071571267579,0.000130993867903532,5.858223865358508e-05,0.1,Along_DV
ecadGFPnbG4,4hAPF,26.982108067558315,-26.16961132768183,-6.200466481058345,0.35033809245454994,0.2982006434734868,0.15667595796719597,0.1333593819481791,0.015245322190782387,0.0001443015119908306,6.453359801349964e-05,0.1,Along_DV
ecadGFPnbG4,4hAPF,29.03292626150285,-27.994652278452303,-7.135734116846569,0.3489079225584172,0.31703185585933996,0.15603636654577063,0.14178095614687983,0.014888346148006663,0.00015841311533020008,7.084449888116828e-05,0.1,Along_DV
ecadGFPnbG4,4hAPF,31.083744455447373,-29.790328615452587,-8.126308608541056,0.3477302793866529,0.3350050668417016,0.15550970850870996,0.14981882045298112,0.01453542721770044,0.00017061018298844918,7.629919336317012e-05,0.1,Along_DV
ecadGFPnbG4,4hAPF,33.13456264939191,-31.555707771385308,-9.16998710353856,0.34684476878577386,0.3521035738893924,0.1551136961290375,0.15746550526746028,0.01419214490894033,0.0001785926017314083,7.986903954999512e-05,0.1,Along_DV
ecadGFPnbG4,4hAPF,35.185380843336446,-33.289973040913445,-10.26461454360097,0.34627819475105936,0.36832304421892625,0.15486031651785592,0.164719072910636,0.013863865363142599,0.00018087907118882271,8.089157977704626e-05,0.1,Along_DV
ecadGFPnbG4,4hAPF,37.23619903728097,-34.992409782352276,-11.408109339104346,0.34604322280210803,0.38367113178724505,0.15475523386772375,0.17158294633611204,0.01355371547980489,0.00017758311166226595,7.941758186655246e-05,0.1,Along_DV
ecadGFPnbG4,4hAPF,39.287017231225505,-36.66239107305526,-12.598478594715667,0.34613934636933846,0.39816689005531936,0.15479822163383716,0.1780656465106758,0.013262207940295307,0.00017014185637996744,7.608975133672269e-05,0.1,Along_DV
ecadGFPnbG4,4hAPF,41.33783542517003,-38.29936295992583,-13.833820779322034,0.3465570909986598,0.4118411911993421,0.15498504271151675,0.1841809798912434,0.012989941996897991,0.00015960647513490068,7.137818561015357e-05,0.1,Along_DV
ecadGFPnbG4,4hAPF,43.388653619114564,-39.90282966410469,-15.112326059419619,0.3472836442501058,0.42473755220297255,0.1553099672034181,0.18994840786454242,0.01273780124241534,0.00014606525407871748,6.532236745415813e-05,0.1,Along_DV
ecadGFPnbG4,4hAPF,45.4394718130591,-41.472338785029216,-16.432276605970042,0.3483092665258447,0.43691313167553464,0.15576863942897615,0.1953934925377624,0.012506929877711018,0.00012868615453815713,5.755019786207247e-05,0.1,Along_DV
ecadGFPnbG4,4hAPF,47.49029000700362,-43.00746650449311,-17.792046901256835,0.3496343219308213,0.4484399698635582,0.15636122222087237,0.20054845128857465,0.012298710054580076,0.00010651594196941178,4.763537738620551e-05,0.1,Along_DV
ecadGFPnbG4,4hAPF,49.54110820094816,-44.507802790705824,-19.190104045741926,0.35127678675265095,0.4594064042998426,0.15709575481932503,0.20545278986263993,0.012114739285953352,8.135544121485368e-05,3.638325937918018e-05,0.1,Along_DV
ecadGFPnbG4,4hAPF,51.59192639489268,-45.97293660268143,-20.62500806460292,0.3532801543682911,0.4699185033457973,0.1579916880538236,0.21015394347323302,0.01195678079095299,6.899366450532955e-05,3.0854904770146255e-05,0.1,Along_DV
ecadGFPnbG4,4hAPF,53.64274458883722,-47.402441469516205,-22.095412035751515,0.35572104950741507,0.4801002458407814,0.15908328954522963,0.21470735714286956,0.011826429848858335,9.730910880635154e-05,4.351795642418509e-05,0.1,Along_DV
ecadGFPnbG4,4hAPF,55.693562782781754,-48.795860854585044,-23.600063119222902,0.3587059170510104,0.49008070203182064,0.16041816289149202,0.21917075284079404,0.011728978567297405,0.00013859693274083588,6.198243261629505e-05,0.1,Along_DV
ecadGFPnbG4,4hAPF,57.744380976726276,-50.15268203481386,-25.1378089343764,0.36234415733399666,0.4999641415463967,0.1620452334097391,0.22359076136201395,0.011671609926587993,0.0001556683388588755,6.961699752658353e-05,0.1,Along_DV
ecadGFPnbG4,4hAPF,59.79519917067081,-51.47230163143887,-26.707606046818615,0.3667081768583503,0.5097978253573568,0.16399688227205728,0.22798851845612317,0.011661808511395786,0.00012660734716556224,5.6620526942622495e-05,0.1,Along_DV
ecadGFPnbG4,4hAPF,61.846017364615335,-52.75399054845177,-28.3085284697896,0.3717841474004,0.5195395377772205,0.16626692530881923,0.232345144693737,0.011707302508475443,9.10081013959258e-05,4.070006024489672e-05,0.1,Along_DV
ecadGFPnbG4,4hAPF,63.89683555855987,-53.99685891083648,-29.93977616554824,0.3774138973726315,0.5290241216295811,0.16878462603566666,0.23658677954017204,0.011815999150638868,0.0002624602973199265,0.00011737581324043229,0.1,Along_DV
ecadGFPnbG4,4hAPF,65.94765375250441,-55.19982100280572,-31.60068354675741,0.38323288245912174,0.5379293490929294,0.1713869552783566,0.240569318332801,0.011995848515383925,0.0006017947023754124,0.00026913077260213523,0.1,Along_DV
ecadGFPnbG4,4hAPF,67.99847194644894,-56.36156020603776,-33.29072797786929,0.38861738350785097,0.5457440644118643,0.17379497735233207,0.24406416526839045,0.012254543631352763,0.0010952334344560683,0.0004898032821348657,0.1,Along_DV
ecadGFPnbG4,wL3,-58.69604498096071,52.0534180263645,-24.403397742502413,0.7102465690384393,1.0813874169427204,0.31763192183118955,0.4836111548593661,0.012936037559845636,0.0014721957387471328,0.000658385949604822,0.15,Across_DV
ecadGFPnbG4,wL3,-56.663163649767725,50.645065713558814,-22.937632906032157,0.6816824924880837,1.051154117725282,0.30485767845496897,0.4700904124125094,0.013021815630206268,0.0006841601853701637,0.00030596573639730864,0.15,Across_DV
ecadGFPnbG4,wL3,-54.63028231857475,49.19851050221857,-21.509741523602816,0.6545585844413214,1.0207619921103848,0.29272749801336617,0.45649864064138485,0.013043298024900469,0.0002314170459534086,0.00010349284918080284,0.15,Across_DV
ecadGFPnbG4,wL3,-52.59740098738177,47.714704477540124,-20.120778299805647,0.6286845274519512,0.9898002774165694,0.2811562679569791,0.4426521408903198,0.013018321638349956,0.00019873702045099817,8.887789747483956e-05,0.15,Across_DV
ecadGFPnbG4,wL3,-50.56451965618879,46.194724458623696,-18.771606440244494,0.6039307249054952,0.95805135934838,0.27008603091788247,0.4284535930878113,0.01296470441566811,0.00024736896544970107,0.00011062676445386568,0.15,Across_DV
ecadGFPnbG4,wL3,-48.53163832499581,44.63973159814333,-17.462964381213656,0.5802156576860008,0.9254467536083959,0.2594803304391292,0.4138723701249744,0.012900994032115138,0.00020566031357585415,9.197408828590654e-05,0.15,Across_DV
ecadGFPnbG4,wL3,-46.49875699380283,43.05093091762943,-16.195532550359225,0.5575018531134232,0.8920242046888657,0.24932240822874338,0.39892535185189804,0.012846711946715206,0.00011824843785924707,5.288230905728723e-05,0.15,Across_DV
ecadGFPnbG4,wL3,-44.46587566260985,41.42952991402071,-14.969999835041673,0.5357920411331788,0.8578806491030634,0.23961348515543024,0.38365588959521874,0.01281774633351177,6.967504131734055e-05,3.1159625744135995e-05,0.15,Across_DV
ecadGFPnbG4,wL3,-42.43299433141687,39.776707372122864,-13.78710967965145,0.5151154540189264,0.8231259004319387,0.23036663428939735,0.36811309348130766,0.012809750641490467,0.00010037688150643397,4.488990608356557e-05,0.15,Across_DV
ecadGFPnbG4,wL3,-40.4001130002239,38.093618546519835,-12.64764822940922,0.4955025760791289,0.7878450100616925,0.22159548862783868,0.35233499964639003,0.012814714236369804,0.00011974149889441332,5.3550026251124816e-05,0.15,Across_DV
ecadGFPnbG4,wL3,-38.367231669030915,36.381411303723404,-11.552417070656194,0.47697466532300664,0.752086287137635,0.2133095550414909,0.33634321259703553,0.01282890264943965,0.00011290763511330759,5.0493829458419585e-05,0.15,Across_DV
ecadGFPnbG4,wL3,-36.33435033783793,34.64123394333769,-10.502218140032603,0.4595465034365168,0.715869122002858,0.20551544410127845,0.3201464039582962,0.012848513546524984,8.576545133250649e-05,3.8355475860086884e-05,0.15,Across_DV
ecadGFPnbG4,wL3,-34.30146900664495,32.87424203315966,-9.497839977690154,0.4432287281082934,0.6791929710818393,0.19821791312618314,0.3037443306358083,0.012869684708132087,4.702854397312963e-05,2.1031804241351178e-05,0.15,Across_DV
ecadGFPnbG4,wL3,-32.268587675451975,31.081605244076496,-8.540043980775549,0.4280283744640412,0.6420459623423767,0.19142010832006623,0.28713168329536487,0.012888535356714081,9.19489437569931e-06,4.1120817739988295e-06,0.15,Across_DV
ecadGFPnbG4,wL3,-30.235706344258993,29.26451418445945,-7.629550670274557,0.4139476493549504,0.6044134334825693,0.18512301661678318,0.27030190475621446,0.012901318231094425,3.1512518449920316e-05,1.4092826679247626e-05,0.15,Across_DV
ecadGFPnbG4,wL3,-28.202825013066015,27.424186727712765,-6.767027044447933,0.40098153029962746,0.5662861018894099,0.17932439189437172,0.2532508437076185,0.012906789616112541,5.328226326334751e-05,2.382855253037696e-05,0.15,Across_DV
ecadGFPnbG4,wL3,-26.169943681873036,25.5618696388414,-5.953082400116072,0.3891172677510224,0.5276661405465348,0.17401853238205456,0.23597947193740196,0.01290682052164981,6.21361648006853e-05,2.7788137671092397e-05,0.15,Across_DV
ecadGFPnbG4,wL3,-24.137062350680054,23.678834977721802,-5.188273492849035,0.37833490311877693,0.48856905726583333,0.16919651232687646,0.21849472474987816,0.01290284671103673,6.0635578717457946e-05,2.7117055173455094e-05,0.15,Across_DV
ecadGFPnbG4,wL3,-22.10418101948708,21.776376736045197,-4.473109597218601,0.36860649874921364,0.44902169950574927,0.16484583763028657,0.2008086086934678,0.012896287844355842,5.177401599497888e-05,2.315404384658684e-05,0.15,Across_DV
ecadGFPnbG4,wL3,-20.071299688294097,19.855807725904214,-3.8080571859624577,0.35989583241939327,0.40905960091092164,0.16095030922172718,0.18293701489715114,0.01288856988266858,3.873595054470297e-05,1.7323243718205167e-05,0.15,Across_DV
ecadGFPnbG4,wL3,-18.038418357101122,17.918456469356833,-3.1935446077073317,0.35215898071538865,0.36872425644521467,0.1574902839533293,0.164898500472913,0.012881105197051632,2.5208349595730247e-05,1.1273516659326435e-05,0.15,Across_DV
ecadGFPnbG4,wL3,-16.00553702590814,15.96566408799022,-2.629966764692065,0.3453458561938776,0.3280604331329508,0.1544433620394754,0.14671308584266046,0.012875273854240471,1.6510371426771344e-05,7.383662568806183e-06,0.15,Across_DV
ecadGFPnbG4,wL3,-13.972655694715158,13.998781200751997,-2.11768976676199,0.33940267349272374,0.2871137325566602,0.15178548993497926,0.12840116465407733,0.012872239086216578,1.662235438979021e-05,7.4337428723325885e-06,0.15,Across_DV
ecadGFPnbG4,wL3,-11.939774363522183,12.019165252511623,-1.6570545225964832,0.3342748342685132,0.2459292305015428,0.14949225051837434,0.10998289541113287,0.012871883410822915,1.9695723567148462e-05,8.80819535243772e-06,0.15,Across_DV
ecadGFPnbG4,wL3,-9.9068930323292,10.028179357590563,-1.2483763019748277,0.32990906222136546,0.20455292147541923,0.14753981790403617,0.09147884748304279,0.012873541257481563,2.1851226226091172e-05,9.77216544665321e-06,0.15,Across_DV
ecadGFPnbG4,wL3,-7.874011701136219,8.027191777277455,-0.8919420368582998,0.32625515471561894,0.16303788449494722,0.14590574079076699,0.07291275852769219,0.012876532333731339,2.2795591184899504e-05,1.0194498295346053e-05,0.15,Across_DV
ecadGFPnbG4,wL3,-5.841130369943244,6.017575363958165,-0.5880075274961174,0.3232674884524059,0.1214626440755492,0.14456961581904157,0.05431974577595802,0.012880154580873035,2.305669436672775e-05,1.0311267188087942e-05,0.15,Across_DV
ecadGFPnbG4,wL3,-3.8082490387502617,4.000707003517094,-0.33679465066353426,0.32090615916413706,0.08000493832076094,0.14351359725787552,0.03577929612417987,0.012883692790885503,2.3050788044637837e-05,1.0308625800549932e-05,0.15,Across_DV
ecadGFPnbG4,wL3,-1.7753677075572796,1.9779670577386035,-0.1384885678999387,0.31913775285939605,0.03947476493538162,0.1427227419160275,0.017653651558267678,0.01288642751237139,2.272908851588443e-05,1.0164757397625479e-05,0.15,Across_DV
ecadGFPnbG4,wL3,0.2575136236356954,-0.049261193291694705,0.006765066251755625,0.31793577492367026,0.0158371687940533,0.14218520104167992,0.007082597198928309,0.012887644634708114,2.1570877600502257e-05,9.646789729810118e-06,0.15,Across_DV
ecadGFPnbG4,wL3,2.2903949548286775,-2.0795921101073582,0.09886282368038572,0.31728079556404887,0.04995164931665631,0.1418922853672854,0.022339056692054885,0.01288691747544866,1.901471860556575e-05,8.503640675015005e-06,0.15,Across_DV
ecadGFPnbG4,wL3,4.3232762860216525,-4.111638276524859,0.13774492291459367,0.31716059810456,0.09110173087098616,0.1418385314292574,0.04074193261908324,0.012884592871329145,1.5193707261694267e-05,6.7948324534761134e-06,0.15,Across_DV
ecadGFPnbG4,wL3,6.356157617214635,-6.144011129667698,0.1233940577972299,0.3175706296545812,0.13290449336455987,0.14202190311301083,0.05943669633566512,0.012881168049264641,1.0855685103026763e-05,4.85480996653993e-06,0.15,Across_DV
ecadGFPnbG4,wL3,8.389038948407617,-8.175321604569469,0.05583342840002033,0.31851443263684737,0.1748673061013852,0.14244398463815366,0.0782030366969922,0.01287715628280985,7.75863192455049e-06,3.469765679138983e-06,0.15,Across_DV
ecadGFPnbG4,wL3,10.421920279600599,-10.204180779146906,-0.06487524830252929,0.3200038837796195,0.21685706993187698,0.1431100874390343,0.09698142995382052,0.012873080032290795,8.471200377368099e-06,3.7884359789633876e-06,0.15,Across_DV
ecadGFPnbG4,wL3,12.454801610793567,-12.229200519172883,-0.23863372775922964,0.3220592039978998,0.2588101293657497,0.14402925458375518,0.11574340850546617,0.012869464160723057,1.1647221720183873e-05,5.208795903068634e-06,0.15,Across_DV
ecadGFPnbG4,wL3,14.487682941986549,-14.24899412324947,-0.46530922716830964,0.32470870973191246,0.30068365768023075,0.14521414956936074,0.13446981965925453,0.012866829298666515,1.4441369698809177e-05,6.458376866948596e-06,0.15,Across_DV
ecadGFPnbG4,wL3,16.52056427317953,-16.262176967780892,-0.7447364148035059,0.32798828213331277,0.3424426372567657,0.14668081893469342,0.15314500306008605,0.012865685393179388,1.539317099341254e-05,6.884035346109681e-06,0.15,Across_DV
ecadGFPnbG4,wL3,18.553445604372513,-18.26736715232323,-1.076719395547001,0.33194053941473683,0.3840552943928764,0.14844832212385994,0.1717547490762331,0.012866495537728825,1.361652045043977e-05,6.089493068839876e-06,0.15,Across_DV
ecadGFPnbG4,wL3,20.586326935565495,-20.263186203109782,-1.4610334244316552,0.3366136561689497,0.4254909390510899,0.1505382034697026,0.19028533270569137,0.012869237121233954,9.179910711858387e-06,4.105380875818767e-06,0.15,Across_DV
ecadGFPnbG4,wL3,22.619208266758463,-22.24826028047716,-1.8974248838509564,0.342059510812134,0.46671846312065557,0.15297366370525117,0.20872284197840288,0.012873303518279788,4.884356567831815e-06,2.1843506624039e-06,0.15,Across_DV
ecadGFPnbG4,wL3,24.652089597951445,-24.2212220366092,-2.3856093204187356,0.3483312515899444,0.5077057263331098,0.15577847144853946,0.22705290332934772,0.01287800463224569,8.91912770986293e-06,3.988755171851106e-06,0.15,Across_DV
ecadGFPnbG4,wL3,26.684970929144427,-26.180712606802814,-2.92526911436975,0.35548082738962306,0.5484193937827212,0.15897585894821326,0.24526060893547802,0.012882621282108023,1.656412957794148e-05,7.407703944878409e-06,0.15,Across_DV
ecadGFPnbG4,wL3,28.71785226033741,-28.125383602559204,-3.5160511443421685,0.3635566856991444,0.5888249309868105,0.1625874925795625,0.26333051450662615,0.012886414286691319,2.377320320929823e-05,1.06316996837814e-05,0.15,Across_DV
ecadGFPnbG4,wL3,30.75073359153039,-30.053899104674873,-4.157564452160039,0.3726017499509253,0.6288866829852345,0.16663256828512957,0.28124667465986897,0.01288863392671726,2.9191343520831005e-05,1.3054765693425235e-05,0.15,Across_DV
ecadGFPnbG4,wL3,32.78361492272337,-31.964937656332733,-4.849377907615759,0.3826517663173512,0.6685679928632001,0.17112707223919232,0.2989926959245419,0.012888529750458672,3.181382634374084e-05,1.422757566579562e-05,0.15,Across_DV
ecadGFPnbG4,wL3,34.81649625391634,-33.85719425569215,-5.591017874362065,0.3937340798197575,0.7078313303813552,0.17608323350706118,0.31655179426736446,0.012885379169978247,3.08823956153416e-05,1.3811027180789053e-05,0.15,Across_DV
ecadGFPnbG4,wL3,36.84937758510932,-35.729382267364564,-6.381966054656099,0.40586699705349927,0.7466387149754632,0.18150923904706623,0.3339069842636452,0.012878848440780527,2.608163538734137e-05,1.1664061938091871e-05,0.15,Across_DV
ecadGFPnbG4,wL3,38.882258916302305,-37.58023460122725,-7.22165885142859,0.419060522474562,0.784953817732011,0.1874095629879398,0.3510420191293513,0.012869749895274877,1.975676693478467e-05,8.835494776359736e-06,0.15,Across_DV
ecadGFPnbG4,wL3,40.91514024749529,-39.408502889283085,-8.109490478655987,0.43331862847810604,0.8227443420805908,0.19378598183880427,0.3679424553991083,0.012859771681017752,1.8230797278225044e-05,8.15306039962587e-06,0.15,Across_DV
ecadGFPnbG4,wL3,42.94802157868827,-41.21295503163755,-9.044818929678236,0.4486418353445663,0.8599830663426431,0.2006387282761436,0.38459611916817227,0.012850680553847759,2.465262137960333e-05,1.1024987445671538e-05,0.15,Across_DV
ecadGFPnbG4,wL3,44.98090290988124,-42.99237247692957,-10.026972375849839,0.4650295650377544,0.8966486046680279,0.20796754379431567,0.4009934463936091,0.012844246841517476,3.359913952104832e-05,1.5025991990912754e-05,0.15,Across_DV
ecadGFPnbG4,wL3,47.01378424107422,-44.74554749887427,-11.05525557013709,0.4824822419734734,0.9327261799359835,0.21577261819783775,0.4171278285461119,0.012842221787710573,4.0772064852498834e-05,1.8233821718643466e-05,0.15,Across_DV
ecadGFPnbG4,wL3,49.0466655722672,-46.47128047280561,-12.128956250715232,0.5010031073394077,0.9682084011373887,0.22405540098990787,0.43299596026591713,0.01284631541810268,4.4160313306940664e-05,1.9749092492401572e-05,0.15,Across_DV
ecadGFPnbG4,wL3,51.079546903460184,-48.16837715233819,-13.247351544369167,0.5205997304575468,1.0030960198399232,0.23281927727422846,0.4485981776643092,0.012858160462775303,4.355825261658777e-05,1.9479842766359667e-05,0.15,Across_DV
ecadGFPnbG4,wL3,53.112428234653166,-49.83564617766952,-14.40971398768986,0.5412848001531345,1.037397971604314,0.24206992166595945,0.4639384768455285,0.012878049411787173,4.073835437997907e-05,1.82187459370219e-05,0.15,Across_DV
ecadGFPnbG4,wL3,55.14530956584615,-51.47189937643088,-15.615312939223596,0.5630715860467955,1.0711234074870783,0.25181326851985136,0.47902095028646285,0.012903537440615379,3.8493495759549426e-05,1.7214814641990484e-05,0.15,Across_DV
ecadGFPnbG4,wL3,57.178190897039116,-53.07595777978853,-16.863406558787453,0.5859612440541618,1.1042630295525349,0.26204983477709004,0.4938414398238654,0.012928312909336529,4.2781645298272624e-05,1.913253341524437e-05,0.15,Across_DV
ecadGFPnbG4,wL3,59.2110722282321,-54.64666587219072,-18.153221059844917,0.6099289428870098,1.136774030832936,0.27276851554798814,0.5083808015997773,0.01294324280059618,5.2067572840403254e-05,2.3285326458912696e-05,0.15,Across_DV
ecadGFPnbG4,wL3,61.24395355942508,-56.18291275455498,-19.483920774239103,0.6349141338545549,1.1685718133587817,0.28394223263483703,0.5226012022520865,0.012939096556074604,6.648540713711486e-05,2.97331779740677e-05,0.15,Across_DV
ecadGFPnbG4,wL3,63.27683489061806,-57.68365478174127,-20.854576591144355,0.6608135656663249,1.1995234189472201,0.2955248106567847,0.5364431810737886,0.012906979516308977,9.887176011032579e-05,4.4216795332348115e-05,0.15,Across_DV
ecadGFPnbG4,wL3,65.30971622181104,-59.14793823933694,-22.26413435754273,0.6874756314281526,1.2294409975939722,0.307448448949588,0.5498227289890554,0.01283843864104021,0.00016530542215013408,7.392683219539984e-05,0.15,Across_DV
ecadGFPnbG4,wL3,67.34259755300403,-60.574922020441534,-23.7113832787005,0.7146957338944615,1.2580752419905818,0.31962164884342326,0.5626283523800878,0.012725523298572012,0.00027422406740907143,0.00012263673115863366,0.15,Across_DV
ecadGFPnbG4,0hAPF,-58.99189110963064,52.6747678248686,-23.764571588850778,0.6994580501796364,1.0776417294062006,0.31280714952222516,0.4819360324685397,0.013821085411383155,0.0017434054641336585,0.0007796746260294863,0.15,Across_DV
ecadGFPnbG4,0hAPF,-56.95041904861638,51.23526528841419,-22.317376769592048,0.6706855616416109,1.0443132329335278,0.29993970147165344,0.46703107572838803,0.013378268439995261,0.0008661980531388153,0.0003873755457592732,0.15,Across_DV
ecadGFPnbG4,0hAPF,-54.90894698760213,49.75753758566508,-20.910856427351348,0.6435455328626638,1.0126722378411648,0.2878023116194482,0.45288079254793584,0.013067723747387284,0.0002959206684511471,0.00013233974612078845,0.15,Across_DV
ecadGFPnbG4,0hAPF,-52.86747492658787,48.24263955115311,-19.544137239743637,0.6178361011065395,0.9810898847898012,0.27630470420553105,0.43875673488548644,0.012884883805651315,0.00016118901715711715,7.208591991793877e-05,0.15,Across_DV
ecadGFPnbG4,0hAPF,-50.82600286557361,46.69177694108269,-18.21730338182752,0.5934179360939851,0.9486097718292364,0.2653845688347553,0.4242311867861475,0.012808775616230183,0.0002543238346133466,0.0001137370764987714,0.15,Across_DV
ecadGFPnbG4,0hAPF,-48.78453080455935,45.106254849902406,-16.931101111497856,0.5702004487128757,0.9148278346938703,0.25500139282457446,0.40912344521688687,0.012806686923665512,0.00023727347375370435,0.00010611192331415902,0.15,Across_DV
ecadGFPnbG4,0hAPF,-46.74305874354509,43.48742609765536,-15.686643827637246,0.5481361119244251,0.8797763630460441,0.2451339214370895,0.3934479505536977,0.012838617371491714,0.00014217916265848521,6.358445453767453e-05,0.15,Across_DV
ecadGFPnbG4,0hAPF,-44.70158668253083,41.83663947436737,-14.485130861482565,0.5272154651519754,0.8437821139194441,0.23577792377379767,0.3773508329844697,0.012865451584122958,7.242864320918609e-05,3.239107394676372e-05,0.15,Across_DV
ecadGFPnbG4,0hAPF,-42.66011462151657,40.15520020064939,-13.327614480008325,0.5074533869696106,0.8072618262737448,0.22694005373531106,0.3610184638377438,0.012853333111869533,0.00012881331679845295,5.760706655371127e-05,0.15,Across_DV
ecadGFPnbG4,0hAPF,-40.618642560502316,38.44436968919926,-12.214862883361201,0.4888633334828693,0.7705366165835519,0.21862632907496896,0.34459445076670275,0.012798995481016314,0.0001722389997424784,7.702762236015009e-05,0.15,Across_DV
ecadGFPnbG4,0hAPF,-38.577170499488055,36.70538119922229,-11.147374145242742,0.4714475293992999,0.7337821743034155,0.21083774471223302,0.3281573644840073,0.012713967768002696,0.0001799260388005793,8.0465370736072e-05,0.15,Across_DV
ecadGFPnbG4,0hAPF,-36.5356984384738,34.93944936018626,-10.125457285506664,0.45520037410180514,0.6970517232810459,0.2035717959749942,0.3117310074179583,0.012612257866837173,0.0001577577220357619,7.055139808949602e-05,0.15,Across_DV
ecadGFPnbG4,0hAPF,-34.49422637745954,33.14777880918279,-9.14931759859025,0.4401114368820355,0.6603034350241206,0.1968238181086679,0.2952966732981098,0.01251003141944559,0.0001147269346475534,5.130744494442105e-05,0.15,Across_DV
ecadGFPnbG4,0hAPF,-32.45275431644528,31.331572828070883,-8.219141982784796,0.4261667244070849,0.6234272870795787,0.19058755310453213,0.2788051585876429,0.012425302906354936,6.085336608735512e-05,2.721445264620129e-05,0.15,Across_DV
ecadGFPnbG4,0hAPF,-30.411282255431022,29.492041973080642,-7.335184041762358,0.41334826049681855,0.5862720107606908,0.18485496177043545,0.2621888138732785,0.012376612147488914,1.3756435634728688e-05,6.152065041470762e-06,0.15,Across_DV
ecadGFPnbG4,0hAPF,-28.36981019441676,27.630412048352884,-6.497842006105233,0.4016323609907729,0.5486818484796256,0.17961545222782058,0.2453779822441365,0.012375978571612368,3.941195143430856e-05,1.7625560506606855e-05,0.15,Across_DV
ecadGFPnbG4,0hAPF,-26.328338133402504,25.747927013253843,-5.707698363717195,0.390989497441168,0.5105507322739027,0.17485581895338634,0.22832522866534843,0.01241855939908992,5.838296195888513e-05,2.6109654333570285e-05,0.15,Across_DV
ecadGFPnbG4,0hAPF,-24.286866072388243,23.845846203196803,-4.965488821356075,0.3813849934256466,0.4718455516056993,0.17056055417961122,0.21101574565424572,0.01249042007310965,5.993266891259889e-05,2.6802704352311904e-05,0.15,Across_DV
ecadGFPnbG4,0hAPF,-22.24539401137399,21.925441472199534,-4.272033581853039,0.3727783026460979,0.4325970062734631,0.16671152505073292,0.19346326257807328,0.012576190605995078,4.758901421086006e-05,2.128245415153732e-05,0.15,Across_DV
ecadGFPnbG4,0hAPF,-20.203921950359728,19.987994558882438,-3.6281651218539737,0.36512276272811606,0.3928867131553521,0.16328786351851882,0.17570427961436563,0.012659411172709167,2.699098631359576e-05,1.2070736035393314e-05,0.15,Across_DV
ecadGFPnbG4,0hAPF,-18.162449889345467,18.034794453519417,-3.034655961504649,0.35836619456728014,0.35283423678229486,0.16026623437807083,0.15779226764689358,0.012722690219104629,2.130439674250202e-05,9.527615867171919e-06,0.15,Across_DV
ecadGFPnbG4,0hAPF,-16.120977828331213,16.067134765088788,-2.492146434136008,0.35245233633941697,0.3125841495714598,0.15762147657671113,0.13979188142614918,0.012747892279007337,4.870696790278102e-05,2.1782418241703744e-05,0.15,Across_DV
ecadGFPnbG4,0hAPF,-14.079505767316952,14.08631110074305,-2.0010728151199446,0.34732302767035633,0.27229282863170956,0.15532758000439142,0.12177305492124071,0.012718362868443817,7.866476274967155e-05,3.517995138843177e-05,0.15,Across_DV
ecadGFPnbG4,0hAPF,-12.038033706302691,12.093618927160447,-1.5616098039531727,0.34292074549614493,0.23210733223097071,0.15335881956485697,0.10380155458891568,0.012634258847485438,9.975662151393199e-05,4.461251738217398e-05,0.15,Across_DV
ecadGFPnbG4,0hAPF,-9.996561645288438,10.090352853133028,-1.1736771705963334,0.3391906148533337,0.19214382687548348,0.1516906544284008,0.08592933167010641,0.012509724445438719,0.0001113418272899967,4.9793578911894756e-05,0.15,Across_DV
ecadGFPnbG4,0hAPF,-7.955089584274177,8.077806284384542,-0.8369999026651891,0.33608213774683554,0.15249050236940115,0.15030050120507446,0.06819582584421474,0.012360494792894335,0.00011404185826400011,5.100106947174008e-05,0.15,Across_DV
ecadGFPnbG4,0hAPF,-5.913617523259916,6.057270987891777,-0.5511758142186677,0.333550534091688,0.11322728896426801,0.14916833363207507,0.050636783006423,0.012202969289161297,0.00010861928523399465,4.8576021090130236e-05,0.15,Across_DV
ecadGFPnbG4,0hAPF,-3.872145462245655,4.030036653815386,-0.3157432087136124,0.3315575966581825,0.0744978027234618,0.14827706491683063,0.03331643021280591,0.012053954569045339,9.588944656854107e-05,4.288306417041836e-05,0.15,Across_DV
ecadGFPnbG4,0hAPF,-1.830673401231401,1.997390457430709,-0.13024854195954136,0.3300721418252183,0.037005917607658805,0.14761274932002794,0.016549549468096295,0.011930434281664721,7.670414666092578e-05,3.4303137217988715e-05,0.15,Across_DV
ecadGFPnbG4,0hAPF,0.21079865978285994,-0.039383378941257284,0.0056859149371619126,0.32907016260673666,0.01469592617220642,0.1471646505911145,0.006572217982674367,0.011849369892524976,5.209491650812976e-05,2.329755491887082e-05,0.15,Across_DV
ecadGFPnbG4,0hAPF,2.252270720797121,-2.0790040020993237,0.09229588339194597,0.3285348035826505,0.04523041423911302,0.1469252307570696,0.020227656177826226,0.011821761918891406,2.5204415608008947e-05,1.127175732653294e-05,0.15,Across_DV
ecadGFPnbG4,0hAPF,4.293742781811375,-4.120193923970482,0.1296370975955863,0.32845633049528905,0.08272000390901363,0.1468901365255207,0.036993510367920555,0.011841284577785952,2.2199743041610407e-05,9.928026904813762e-06,0.15,Across_DV
ecadGFPnbG4,0hAPF,6.335214842825636,-6.16167814166187,0.11760614291121814,0.3288322631651721,0.12092461613391448,0.14705825872648498,0.05407913236570011,0.01189818505469616,5.123283186271171e-05,2.291201894496811e-05,0.15,Across_DV
ecadGFPnbG4,0hAPF,8.376686903839897,-8.20218297514548,0.05598025447813666,0.329667613223719,0.15948818038197693,0.14743183862966885,0.07132528258836976,0.011982488923979592,8.200252881056037e-05,3.667264574945959e-05,0.15,Across_DV
ecadGFPnbG4,0hAPF,10.418158964854157,-10.240434897171799,-0.055542362373941945,0.33097512384788436,0.19840541283871735,0.14801657515705624,0.0887295980422563,0.012084092808131164,0.00010891533694299816,4.87084194393676e-05,0.15,Across_DV
ecadGFPnbG4,0hAPF,12.459631025868418,-12.275159363183416,-0.21730221171061875,0.33277542464804916,0.23772207072629925,0.14882169415087937,0.10631254197920358,0.012192862651569434,0.0001290364314824333,5.770684647374296e-05,0.15,Across_DV
ecadGFPnbG4,0hAPF,14.501103086882665,-14.305079641228645,-0.42963818657854985,0.3350970117789386,0.2774771045423836,0.14985993947895088,0.12409153359131708,0.012298744545462354,0.00013979164590386615,6.251672458552494e-05,0.15,Across_DV
ecadGFPnbG4,0hAPF,16.542575147896926,-16.328915641875163,-0.6928472485911907,0.337975963198975,0.3176801938360266,0.15114744569477506,0.14207090170453301,0.012391890106176685,0.00013878826126083706,6.206799733164647e-05,0.15,Across_DV
ecadGFPnbG4,0hAPF,18.584047208911187,-18.345382748753007,-1.0071441712892424,0.34145530400615454,0.3582977581612131,0.15270345420712356,0.1602356286868505,0.012463264614055555,0.00012454746800286546,5.569932097597743e-05,0.15,Across_DV
ecadGFPnbG4,0hAPF,20.625519269925448,-20.35319077093954,-1.372625333653415,0.34558389073680595,0.39924653984312575,0.15454981432327158,0.17854848057416148,0.012510121120075626,0.00010023710481712686,4.482739604777345e-05,0.15,Across_DV
ecadGFPnbG4,0hAPF,22.66699133093971,-22.351044152043617,-1.7892559513471387,0.3504145633257172,0.44040345257508207,0.15671015678044167,0.19695441149669765,0.012536480134428785,6.988689820533844e-05,3.125437102474896e-05,0.15,Across_DV
ecadGFPnbG4,0hAPF,24.70846339195397,-24.33764407601961,-2.2568827312503634,0.35600187038779657,0.4816195060692891,0.1592088764608365,0.2153867909721606,0.012546984619619086,3.821919532905413e-05,1.7092143760221492e-05,0.15,Across_DV
ecadGFPnbG4,0hAPF,26.749935452968217,-26.311691044028997,-2.7752515987621775,0.3623997696215839,0.5227325627418284,0.16207010398082494,0.23377310886868044,0.012546200962540239,1.952746340916944e-05,8.732947122208532e-06,0.15,Across_DV
ecadGFPnbG4,0hAPF,28.791407513982477,-28.271887460770177,-3.344025509452824,0.36965943280244434,0.5635802204608247,0.16531672405405623,0.25204073674494437,0.012538561097482609,3.665888832730149e-05,1.639435325588394e-05,0.15,Across_DV
ecadGFPnbG4,0hAPF,30.83287957499674,-30.216940220808045,-3.9628022607156717,0.3778272899091026,0.6040127985846687,0.16896950079825473,0.2701227353830416,0.012528309249954314,5.757527622769446e-05,2.5748446293690495e-05,0.15,Across_DV
ecadGFPnbG4,0hAPF,32.874351636011,-32.145563294903894,-4.631132303419241,0.3869434297774932,0.6439063725218336,0.1730463624858782,0.2879636840208245,0.01251945284574075,7.012640120526951e-05,3.136148002248116e-05,0.15,Across_DV
ecadGFPnbG4,0hAPF,34.91582369702526,-34.05648031568562,-5.348536547758899,0.39704044492397556,0.683175806925622,0.17756188493335412,0.30552550897379244,0.012515636264574664,7.073657593561441e-05,3.163435845752192e-05,0.15,Across_DV
ecadGFPnbG4,0hAPF,36.95729575803952,-35.94842704850006,-6.114523177591108,0.4081429603152763,0.7217860483631198,0.18252708076059135,0.3227925338701773,0.012518713063167939,5.918995541629015e-05,2.6470552779201325e-05,0.15,Across_DV
ecadGFPnbG4,0hAPF,38.99876781905377,-37.82015278239099,-6.92859756770991,0.4202689433540038,0.759752207957169,0.18794998523431217,0.3397715166095573,0.012528469735083717,3.937922005161578e-05,1.761092258726713e-05,0.15,Across_DV
ecadGFPnbG4,0hAPF,41.04023988006803,-39.67041858066968,-7.79026286126272,0.43343262495425217,0.797127867664815,0.1938369626127759,0.35648641977159656,0.012544393458919592,2.2047748540603695e-05,9.860052897522327e-06,0.15,Across_DV
ecadGFPnbG4,0hAPF,43.08171194108229,-41.49799270259993,-8.699016982052438,0.447647297397404,0.8339903034113832,0.200193957384932,0.3729718022007055,0.012566190850992667,3.213206209460791e-05,1.4369895020157511e-05,0.15,Across_DV
ecadGFPnbG4,0hAPF,45.12318400209655,-43.30164548433603,-9.654349410013355,0.46292776569897803,0.8704253944122541,0.20702759055500206,0.3892660702495731,0.012593767270999501,5.505096032129398e-05,2.4619537901011397e-05,0.15,Across_DV
ecadGFPnbG4,0hAPF,47.16465606311081,-45.08014420951383,-10.655737960347299,0.4792925546270345,0.9065125469994009,0.2143461466511161,0.40540473550942663,0.012627232190679178,7.444545568849866e-05,3.329301990708628e-05,0.15,Across_DV
ecadGFPnbG4,0hAPF,49.20612812412507,-46.8322479798417,-11.702645562659828,0.49676582820448073,0.9423096260169116,0.22216043215284023,0.4214136759252437,0.012666904431878878,8.513987464548367e-05,3.8075709460622456e-05,0.15,Across_DV
ecadGFPnbG4,0hAPF,51.24760018513933,-48.5567025858462,-12.794517040282585,0.5153789910253687,0.9778378623635148,0.23048449162159565,0.4373023862435804,0.012713319331711503,8.407602711824913e-05,3.759994238290416e-05,0.15,Across_DV
ecadGFPnbG4,0hAPF,53.28907224615358,-50.25223570416833,-13.930776282748344,0.5351713638458975,1.013067387219126,0.23933590983414,0.45305750872201345,0.01276753939340399,7.048914291377242e-05,3.152370304617854e-05,0.15,Across_DV
ecadGFPnbG4,0hAPF,55.33054430716784,-51.917556101739386,-15.110828137305145,0.5561832351373337,1.0479110181307318,0.24873270434256553,0.4686400541822662,0.01283065047889729,5.0990341622982966e-05,2.2803574012985373e-05,0.15,Across_DV
ecadGFPnbG4,0hAPF,57.3720163681821,-53.551361271320296,-16.33406539785338,0.5784372780437572,1.082232776003432,0.25868501488515755,0.4839892109243954,0.012899073940589676,4.8668029661845255e-05,2.176500453097242e-05,0.15,Across_DV
ecadGFPnbG4,0hAPF,59.41348842919636,-55.15235701849372,-17.59986481753779,0.6019187292681032,1.1158725201652737,0.2691862391147542,0.49903336186271136,0.012963615992462036,6.537066112438917e-05,2.9234648401647402e-05,0.15,Across_DV
ecadGFPnbG4,0hAPF,61.454960490210624,-56.71928675895195,-18.907566821055475,0.6265611639501503,1.1486878871401622,0.28020667093078533,0.5137088401152018,0.013014002881363701,7.432843762730191e-05,3.324068783920005e-05,0.15,Across_DV
ecadGFPnbG4,0hAPF,63.496432551224885,-58.2509628784296,-20.256450878241676,0.6522358214684995,1.1806010474315969,0.2916887268327963,0.5279808392729008,0.01303978179588861,6.543134011697121e-05,2.9261784872091334e-05,0.15,Across_DV
ecadGFPnbG4,0hAPF,65.53790461223913,-59.74629814840929,-21.645710755026535,0.6787426589863188,1.2116454890386223,0.3035429449444735,0.5418643356242672,0.013030472979797664,7.753644612751346e-05,3.467535285497408e-05,0.15,Across_DV
ecadGFPnbG4,0hAPF,67.57937667325339,-61.204337141827956,-23.074429764391972,0.7058027740656998,1.2420125660609524,0.31564459630376607,0.5554449053242475,0.01297568779643365,0.00017685136590432356,7.90903352151512e-05,0.15,Across_DV
ecadGFPnbG4,2hAPF,-61.10337098347904,52.800576721648625,-26.910893302838883,0.7337742480161624,1.2404954091794604,0.3281538197405859,0.554766412140338,0.012717630592201646,0.0005545631713493615,0.0002480081897910072,0.15,Across_DV
ecadGFPnbG4,2hAPF,-59.050519530944946,51.452795537778535,-25.3629545982585,0.7050252148219104,1.2090234180420398,0.31529686123863676,0.5406917098262293,0.012506255507829708,0.00026898966535521366,0.00012029583539583557,0.15,Across_DV
ecadGFPnbG4,2hAPF,-56.997668078410854,50.06653447361627,-23.851111365238598,0.6762708760488927,1.17809588849619,0.30243753000973167,0.5268604981380987,0.012400401035830209,0.00021855156887727603,9.773923291976332e-05,0.15,Across_DV
ecadGFPnbG4,2hAPF,-54.94481662587676,48.64203393467166,-22.37486700702844,0.64852474773048,1.1471147896794476,0.29002908420325113,0.5130053295437238,0.012392010899434472,0.00020804452255562944,9.304033895617513e-05,0.15,Across_DV
ecadGFPnbG4,2hAPF,-52.89196517334267,47.17982445837514,-20.934747126481053,0.6223048465103146,1.115581920116468,0.27830318790492725,0.4989034015700325,0.01246182444731207,0.00015228518554674103,6.810400536973628e-05,0.15,Across_DV
ecadGFPnbG4,2hAPF,-50.83911372080858,45.68066777921646,-19.53197558655416,0.597766437778543,1.0831307244509343,0.2673292779081441,0.4843907856781765,0.012580436253798321,7.231870114626229e-05,3.2341906361506885e-05,0.15,Across_DV
ecadGFPnbG4,2hAPF,-48.786262268274484,44.14549789354835,-18.168150573761203,0.5748355535511185,1.0495570941723809,0.2570742747248043,0.46937620176731837,0.012708906212526395,4.720283048394684e-05,2.1109747538500882e-05,0.15,Across_DV
ecadGFPnbG4,2hAPF,-46.733410815740385,42.5753612160167,-16.844925674235647,0.553337472476696,1.014843862757985,0.2474600405911622,0.45385197273506434,0.01281206838236707,8.745718328323879e-05,3.9112041388396034e-05,0.15,Across_DV
ecadGFPnbG4,2hAPF,-44.6805593632063,40.97134690897468,-15.563757758548764,0.5331042833789853,0.979115049057823,0.23841148334634446,0.4378735614972667,0.012877019913649129,0.00011547840768244322,5.1643513902275396e-05,0.15,Across_DV
ecadGFPnbG4,2hAPF,-42.6277079106722,39.334523195519296,-14.3258022802099,0.5140331636718528,0.9425048770511139,0.22988261933190765,0.4215009948422744,0.012906103833154539,0.00012488375335022728,5.584971235528506e-05,0.15,Across_DV
ecadGFPnbG4,2hAPF,-40.574856458138115,37.66592119449207,-13.13194364088373,0.49609204638444415,0.9050970052966909,0.22185910776251916,0.4047716860149776,0.012909413531156697,0.00011938081617826028,5.3388724036799324e-05,0.15,Across_DV
ecadGFPnbG4,2hAPF,-38.522005005604015,35.966546671677506,-11.982883775372681,0.4793023226109054,0.8669250649740577,0.21435051502630378,0.387700675336083,0.012899979242094356,0.00010513579863079442,4.701815852143712e-05,0.15,Across_DV
ecadGFPnbG4,2hAPF,-36.46915355306992,34.23739464363651,-10.879235940509536,0.4637190315466574,0.8279790391777934,0.20738145539973907,0.3702834831093015,0.0128934494654466,9.05626409278859e-05,4.0500844267331496e-05,0.15,Across_DV
ecadGFPnbG4,2hAPF,-34.41630210053583,32.47946398906576,-9.821618516813036,0.44941119674300745,0.7882113803068066,0.20098279715337933,0.3524988454009917,0.012907819756542257,8.627973622995049e-05,3.858547105818414e-05,0.15,Across_DV
ecadGFPnbG4,2hAPF,-32.36345064800174,30.693772060168765,-8.810748809399339,0.43644313381968225,0.7475430121275454,0.19518330310676937,0.33431139824442824,0.012963106329199527,9.872671748648508e-05,4.4151930299039556e-05,0.15,Across_DV
ecadGFPnbG4,2hAPF,-30.310599195467645,28.881369354167028,-7.847534984237614,0.42485780105769494,0.7058713548427797,0.1900021847872176,0.31567526655966616,0.013075746072029205,0.00011967218002947767,5.351902591230097e-05,0.15,Across_DV
ecadGFPnbG4,2hAPF,-28.257747742933553,27.043353999222614,-6.933138410396171,0.41466457122603256,0.6631015118240938,0.18544363382444243,0.29654801128431085,0.01324463227878021,0.00013407385262611732,5.99596496954574e-05,0.15,Across_DV
ecadGFPnbG4,2hAPF,-26.20489629039946,25.180880790023004,-6.068955304101659,0.4058364770014216,0.6191880512588503,0.18149559006484173,0.2769093146940827,0.013455106671623626,0.00013904306455626524,6.218194882954014e-05,0.15,Across_DV
ecadGFPnbG4,2hAPF,-24.15204483786537,23.29516297727595,-5.256537231425204,0.39831447503753176,0.5741396478170263,0.1781316485212128,0.2567630562193319,0.01368958449820499,0.0001351383620102423,6.0435712764575375e-05,0.15,Across_DV
ecadGFPnbG4,2hAPF,-22.099193385331276,21.38747247286502,-4.497500192394927,0.3920134037904659,0.5280118427051671,0.1753137237933111,0.236134074642736,0.013928894995598481,0.00012369788061290774,5.531937394462301e-05,0.15,Across_DV
ecadGFPnbG4,2hAPF,-20.046341932797183,19.459140022121602,-3.7934334864328734,0.38682848411115817,0.48089953731922247,0.17299495722114938,0.21506481115879567,0.01415244486993362,0.00010643423961537724,4.7598838982696915e-05,0.15,Across_DV
ecadGFPnbG4,2hAPF,-17.99349048026309,17.511555376096805,-3.1458085777919416,0.3826419848717248,0.43292954952120455,0.17112269784372455,0.19361198043955496,0.014338437719746095,8.539692034405935e-05,3.819066379169029e-05,0.15,Across_DV
ecadGFPnbG4,2hAPF,-15.940639027728999,15.546167463801826,-2.555887961456938,0.3793296935341348,0.38425332049790695,0.16964139612529758,0.17184330904266665,0.014464217606548573,6.33714795669343e-05,2.8340587229280806e-05,0.15,Across_DV
ecadGFPnbG4,2hAPF,-13.887787575194906,13.564484445955745,-2.0246359942571575,0.3767668441520345,0.33503832583865717,0.16849525503840362,0.14983369432859234,0.014513639013935927,4.6925090093376196e-05,2.0985538259818224e-05,0.15,Across_DV
ecadGFPnbG4,2hAPF,-11.834936122660807,11.568072023727511,-1.5526658785246792,0.37483268964583233,0.2854470116423363,0.16763027484743254,0.12765578440128758,0.014494864154451231,3.9610775104528496e-05,1.771447715503641e-05,0.15,Across_DV
ecadGFPnbG4,2hAPF,-9.782084670126714,9.55854843445473,-1.1402733887607104,0.3734133788029927,0.23562092532210077,0.16699553974227413,0.10537288118832376,0.014424784595692988,3.962000181484335e-05,1.771860346533095e-05,0.15,Across_DV
ecadGFPnbG4,2hAPF,-7.729233217592622,7.537578351703736,-0.7875087137559915,0.372404273317969,0.18568551646869394,0.16654425405007794,0.08304108745223127,0.014321478942620355,4.317223711512443e-05,1.9307211386031526e-05,0.15,Across_DV
ecadGFPnbG4,2hAPF,-5.6763817650585295,5.506866742574551,-0.49425056415267266,0.3717120584919521,0.13576979554706614,0.16623468616887657,0.060718098426897626,0.01420378591387186,4.728902781415664e-05,2.1148296156466506e-05,0.15,Across_DV
ecadGFPnbG4,2hAPF,-3.623530312524437,3.468152725002058,-0.2602802811863109,0.37125661744729793,0.08609129529917862,0.16603100674175852,0.0385011977119943,0.014090935208323777,5.043065900297205e-05,2.2553276336151453e-05,0.15,Across_DV
ecadGFPnbG4,2hAPF,-1.5706788599903447,1.4232034250572214,-0.08535594542787507,0.3709726431632538,0.03770488157614582,0.1659040095811616,0.016862135657568292,0.014002213473336444,5.1913485061792764e-05,2.3216416309417697e-05,0.15,Across_DV
ecadGFPnbG4,2hAPF,0.48217259254374767,-0.6261921657548839,0.03071351522949519,0.3708109664720984,0.021432249198615912,0.16583170556680146,0.009584793223764114,0.013956612070895807,5.178602158353497e-05,2.3159412909011097e-05,0.15,Across_DV
ecadGFPnbG4,2hAPF,2.53502404507784,-2.678229345915364,0.08799724683082745,0.3707395832359061,0.06723689865901969,0.16579978201308548,0.030069255199566495,0.013963469493003108,5.2239294190742634e-05,2.3362122581422078e-05,0.15,Across_DV
ecadGFPnbG4,2hAPF,4.5878754976119325,-4.731094030236834,0.08641210148571332,0.3707444882437532,0.11667161767771343,0.16580197559928075,0.052177133634446676,0.01401286413918682,5.7207320943450015e-05,2.5583891688040326e-05,0.15,Across_DV
ecadGFPnbG4,2hAPF,6.640726950146032,-6.782969354651927,0.02575858900007197,0.37083037025385335,0.16660190128623828,0.16584038320180639,0.07450663529134768,0.014091968687983139,6.692920612337649e-05,2.9931650914393e-05,0.15,Across_DV
ecadGFPnbG4,2hAPF,8.693578402680117,-8.832042350025926,-0.09422673134298436,0.3710209348820601,0.21677503588536068,0.16592560629436187,0.09694474321292455,0.01418745741645205,7.797958930095005e-05,3.487353250688792e-05,0.15,Across_DV
ecadGFPnbG4,2hAPF,10.746429855214217,-10.876510617132574,-0.27381858198271847,0.3713587503361789,0.26714652319430854,0.16607668195821376,0.11947155716303963,0.014285682810923739,8.615956854578628e-05,3.853173043608616e-05,0.15,Across_DV
ecadGFPnbG4,2hAPF,12.799281307748302,-12.914589001629688,-0.5132502982803258,0.3719045488921503,0.3176974014820859,0.16632077049284844,0.1420785971977973,0.014372873602169814,8.775813044794687e-05,3.9246629051980654e-05,0.15,Across_DV
ecadGFPnbG4,2hAPF,14.852132760282402,-14.944516269035024,-0.8126611597185086,0.37273589461785295,0.36839245948009053,0.16669255960394344,0.16475011635916384,0.014435360472172115,7.964767284076558e-05,3.5619522144323125e-05,0.15,Across_DV
ecadGFPnbG4,2hAPF,16.904984212816487,-16.964561779701864,-1.1720437211010277,0.3739451161503421,0.4191614122892364,0.16723333991324388,0.18745468228470966,0.014459824913163787,5.926180528659448e-05,2.6502685018036332e-05,0.15,Across_DV
ecadGFPnbG4,2hAPF,18.957835665350586,-18.97303215040168,-1.5911913937047752,0.3756364238561847,0.4698861386166239,0.16798971571347052,0.210139469526332,0.014435094480664008,2.6668662136896855e-05,1.1926588281415234e-05,0.15,Across_DV
ecadGFPnbG4,2hAPF,21.01068711788467,-20.968277369591874,-2.0696569524116137,0.37792241729272885,0.5203986428811541,0.16901204305751674,0.23272934817617952,0.014362713868044014,1.9974405673337688e-05,8.932825779148105e-06,0.15,Across_DV
ecadGFPnbG4,2hAPF,23.06353857041877,-22.948694759151117,-2.6067561471887526,0.3809200081715729,0.5704989641939093,0.17035260645228248,0.25513489300615994,0.014252555525594072,6.296233867908612e-05,2.8157613861760172e-05,0.15,Across_DV
ecadGFPnbG4,2hAPF,25.116390022952856,-24.912731365724348,-3.201605152881585,0.3847454687908782,0.6199731029678577,0.17206340445028548,0.2772604004915213,0.014114797632858018,0.00010677244002261248,4.775008680281613e-05,0.15,Across_DV
ecadGFPnbG4,2hAPF,27.169241475486956,-26.858886154307196,-3.853162282992732,0.38950942071237177,0.6686090245624247,0.17419390851788555,0.2990110458582816,0.013959371513923851,0.00014586987198334696,6.523498992479117e-05,0.15,Across_DV
ecadGFPnbG4,2hAPF,29.22209292802104,-28.7857122003801,-4.56026973238297,0.39531228509825905,0.7162127220280792,0.17678902836409688,0.3203000665609892,0.013795798809482385,0.0001762657693623238,7.882844848009114e-05,0.15,Across_DV
ecadGFPnbG4,2hAPF,31.27494438055514,-30.69181888204269,-5.3216953199722195,0.4022405755228873,0.7626243192796677,0.17988745403556278,0.3410559638407681,0.013633056206040956,0.00019436572212014222,8.692299343129451e-05,0.15,Across_DV
ecadGFPnbG4,2hAPF,33.327795833089226,-32.57587407214789,-6.136174231440462,0.41036435717347197,0.8077341834913431,0.18352051963657734,0.3612297084073863,0.013479463898768567,0.00019693975210157457,8.807413463421556e-05,0.15,Across_DV
ecadGFPnbG4,2hAPF,35.380647285623326,-34.43660632819564,-7.002450742639769,0.4197360915629752,0.8514990032174676,0.1877116866689777,0.38080193079351393,0.013342355049327284,0.00018146154607055661,8.115207046319489e-05,0.15,Across_DV
ecadGFPnbG4,2hAPF,37.433498738157425,-36.27280674083325,-7.9193169305217355,0.43039127863435617,0.8939543636172257,0.19247683118989464,0.39978854516613627,0.013224136963515232,0.00015064488828020245,6.737044213147881e-05,0.15,Across_DV
ecadGFPnbG4,2hAPF,39.48635019069151,-38.083327794266516,-8.885631278292049,0.4423520785943345,0.935205668983485,0.1978258635450523,0.4182366897580478,0.01312225841842631,0.00011202625231980919,5.0099663090327366e-05,0.15,Across_DV
ecadGFPnbG4,2hAPF,41.53920164322561,-39.867075584480894,-9.90031266667657,0.45563182177832284,0.975402497239709,0.20376474524167978,0.43621325785020804,0.013033456545526267,7.519222043023844e-05,3.3626983252232326e-05,0.15,Across_DV
ecadGFPnbG4,2hAPF,43.592053095759695,-41.6229980324563,-10.96232571800432,0.47023845990087976,1.0147143900708406,0.2102970323946352,0.4537940707891274,0.012955033492256818,5.5831668554777085e-05,2.49686812371438e-05,0.15,Across_DV
ecadGFPnbG4,2hAPF,45.644904548293795,-43.35007266985319,-12.070665324672625,0.48617745850459626,1.0533073071377697,0.2174251692688721,0.4710533479914605,0.012884922978772848,6.337686042193616e-05,2.834299362079305e-05,0.15,Across_DV
ecadGFPnbG4,2hAPF,47.69775600082788,-45.04729442301162,-13.224341174042218,0.5034541088020228,1.091320124528036,0.22515152216657963,0.48805319673164477,0.012821714813671661,7.783337090797737e-05,3.4808141653638387e-05,0.15,Across_DV
ecadGFPnbG4,2hAPF,49.75060745336198,-46.71366339695048,-14.422362273332542,0.5220751670913901,1.1288411284234483,0.2334791125961819,0.5048330997904801,0.012764674904339569,8.202440404990197e-05,3.668242865389797e-05,0.15,Across_DV
ecadGFPnbG4,2hAPF,51.803458905896065,-48.34817265954807,-15.663721475033574,0.5420497871107104,1.1658844439283138,0.24241203423376753,0.5213993741066503,0.012713771803893164,6.878650500633146e-05,3.0762260225757346e-05,0.15,Across_DV
ecadGFPnbG4,2hAPF,53.856310358430164,-49.94979647976787,-16.94738133519531,0.5633892537389499,1.202367884257245,0.2519553338306339,0.5377152646323597,0.012671803299689807,3.9517750330622505e-05,1.767287521142734e-05,0.15,Across_DV
ecadGFPnbG4,2hAPF,55.90916181096425,-51.51748510581211,-18.272278646159332,0.5860997183925628,1.238113360932476,0.2621117623838508,0.5537011277791497,0.012644871346379514,3.961047081095525e-05,1.771434107081343e-05,0.15,Across_DV
ecadGFPnbG4,2hAPF,57.96201326349835,-53.050175828600025,-19.637357007880723,0.6101664422560065,1.2728922142108852,0.2728747284947261,0.5692547038011526,0.012632503183750829,8.529867301116844e-05,3.814672624869986e-05,0.15,Across_DV
ecadGFPnbG4,2hAPF,60.014864716032434,-54.54682313498809,-21.041595120435215,0.6355437939385593,1.3064972570713436,0.2842238251849475,0.5842833358457084,0.012630307228126664,0.00012151885929853018,5.434488598794918e-05,0.15,Across_DV
ecadGFPnbG4,2hAPF,62.067716168566534,-56.00643726850851,-22.484028566002753,0.6621507040958712,1.3388237888689938,0.29612279714154327,0.5987402003609792,0.01263219441567728,0.00012833886746133985,5.739488635977835e-05,0.15,Across_DV
ecadGFPnbG4,2hAPF,64.12056762110062,-57.42812340610554,-23.963771053027305,0.6898672282958572,1.369951472806094,0.3085180035837806,0.6126609238140761,0.01263046035609464,9.367522634553929e-05,4.189283478326101e-05,0.15,Across_DV
ecadGFPnbG4,2hAPF,66.17341907363472,-58.81112083647266,-25.480035658527132,0.7185315982610992,1.4002260631926353,0.3213370995386775,0.6262001322331298,0.012615765603714049,4.33075879944426e-05,1.9367742139425488e-05,0.15,Across_DV
ecadGFPnbG4,2hAPF,68.2262705261688,-60.15484213838956,-27.032156070404863,0.7479376753869537,1.4303407929348175,0.3344878970196799,0.6396678487986406,0.01257704837298503,0.00017217344554704375,7.699830563270965e-05,0.15,Across_DV
ecadGFPnbG4,4hAPF,-63.202908386663246,50.885367522160706,-29.92848112667202,1.40244386027417,0.40971840096856194,0.6271919612400522,0.18323163923964403,0.01142938796798287,0.001422274804218383,0.0006360606289835017,0.15,Across_DV
ecadGFPnbG4,4hAPF,-61.163436508097774,49.644879937931144,-28.309281843126833,1.3975606593647971,0.40182537979276894,0.6250081274038228,0.17970177286026034,0.012087503601032227,0.0006798537395456352,0.0003040398352762955,0.15,Across_DV
ecadGFPnbG4,4hAPF,-59.1239646295323,48.363195885276944,-26.719018235990166,1.3925238520419356,0.3939068227190776,0.6227555986911254,0.17616048648016322,0.012520165079954394,0.00023641145375727496,0.00010572641625216297,0.15,Across_DV
ecadGFPnbG4,4hAPF,-57.08449275096683,47.04165362000983,-25.16237286322049,1.3876714886365886,0.3855821268414381,0.6205855558059478,0.17243756930528037,0.012744218124088002,0.0001638155951827577,7.326056132064666e-05,0.15,Across_DV
ecadGFPnbG4,4hAPF,-55.04502087240136,45.6813357441368,-23.64194465797387,1.3831690624098365,0.3767125119354876,0.6185720095846087,0.16847095693249023,0.01278842767465132,0.0002257834295611521,0.00010097341933835432,0.15,Across_DV
ecadGFPnbG4,4hAPF,-53.00554899383589,44.28313054079003,-22.158815280750524,1.3790436157991646,0.36732235754205805,0.616727053772807,0.16427155222390485,0.012699242382459858,0.00020825930939990354,9.313639455306905e-05,0.15,Across_DV
ecadGFPnbG4,4hAPF,-50.96607711527042,42.847793309156614,-20.71311547154135,1.3752293770802293,0.35752302385382695,0.6150212743612168,0.15988915697168718,0.01254251273697993,0.00013868996380843882,6.202403737453096e-05,0.15,Across_DV
ecadGFPnbG4,4hAPF,-48.926605236704944,41.376007698933854,-19.304591400203396,1.371618059390784,0.34743516117118056,0.6134062439928274,0.15537772763047103,0.012402171584507177,7.393793573571319e-05,3.306605008421312e-05,0.15,Across_DV
ecadGFPnbG4,4hAPF,-46.88713335813948,39.86844631128332,-17.93316373381511,1.3681110372347816,0.3371144429995335,0.6118378560049434,0.15076216214878702,0.012357838482547635,6.658554750834262e-05,2.9777962109539166e-05,0.15,Across_DV
ecadGFPnbG4,4hAPF,-44.847661479574,38.325823918673194,-16.599344407572097,1.3646492326973958,0.3265384827466781,0.6102896899508611,0.1460324489382429,0.01242207891225696,7.919252735386778e-05,3.541597489465198e-05,0.15,Across_DV
ecadGFPnbG4,4hAPF,-42.808189601008536,36.7489264240523,-15.304283059767211,1.3612062909236102,0.3156696894546744,0.6087499595811094,0.14117177681138007,0.012578809502267998,8.080787196263372e-05,3.6138378965109665e-05,0.15,Across_DV
ecadGFPnbG4,4hAPF,-40.76871772244306,35.13860661938133,-14.04961789587178,1.3577809829082008,0.30447709518656374,0.6072181152678434,0.13616629648576611,0.012806869345788119,7.266645527441033e-05,3.2497426735505924e-05,0.15,Across_DV
ecadGFPnbG4,4hAPF,-38.72924584387759,33.49577150660766,-12.83730657710476,1.3543915628767929,0.29293899632349524,0.6057023205489379,0.13100630180797926,0.013080804896056144,6.420486577201709e-05,2.8713288870495945e-05,0.15,Across_DV
ecadGFPnbG4,4hAPF,-36.68977396531212,31.821369480755568,-11.66945691435509,1.3510692373707394,0.2810450671422771,0.6042165314139545,0.12568717497422482,0.01337089206205368,6.56297337626547e-05,2.935050920770179e-05,0.15,Across_DV
ecadGFPnbG4,4hAPF,-34.65030208674665,30.116377513016637,-10.548157562104079,1.347850797352477,0.2687984081510993,0.6027772012814864,0.1202103025739183,0.013643043684513276,7.637707493165656e-05,3.415686629395583e-05,0.15,Across_DV
ecadGFPnbG4,4hAPF,-32.61083020818118,28.38178833386042,-9.475308712466788,1.3447705713372988,0.25621757902952846,0.6013996823302861,0.11458398474809005,0.013858826476932545,8.615307495418781e-05,3.8528826413639704e-05,0.15,Across_DV
ecadGFPnbG4,4hAPF,-30.571358329615705,26.618597874376697,-8.452455483034496,1.3418522261714245,0.24333721602001365,0.6000945586957455,0.10882371129526026,0.013985559747155249,9.076113452659214e-05,4.0589613303292646e-05,0.15,Across_DV
ecadGFPnbG4,4hAPF,-28.531886451050234,24.82779841474957,-7.480684628792558,1.3391054063473373,0.23019022197503516,0.5988661435260249,0.1029441968183889,0.0140310579774858,9.473604501850212e-05,4.236724731617021e-05,0.15,Across_DV
ecadGFPnbG4,4hAPF,-26.492414572484762,23.010389067052785,-6.560696200718719,1.3365289913435656,0.21678337958489233,0.5977139357086881,0.09694847462879187,0.014022654422155676,9.866791679475839e-05,4.4125633830274583e-05,0.15,Across_DV
ecadGFPnbG4,4hAPF,-24.45294269391929,21.167396959180145,-5.69296346818069,1.3341142742597294,0.20310245339670138,0.5966340413995106,0.09083017843840147,0.013992718267676892,0.00010385397831626004,4.644491104978932e-05,0.15,Across_DV
ecadGFPnbG4,4hAPF,-22.41347081535382,19.299899528139186,-4.877899562543568,1.3318480019240009,0.1891250741025001,0.5956205335998673,0.08457930438857504,0.013977698933712784,0.00011150636262130406,4.98671613489955e-05,0.15,Across_DV
ecadGFPnbG4,4hAPF,-20.373998936788347,17.40904681722557,-4.116024137522743,1.3297155698517225,0.17483649720888486,0.5946668809856642,0.07818925854140375,0.014017333510920082,0.00012198513762863904,5.455341199646088e-05,0.15,Across_DV
ecadGFPnbG4,4hAPF,-18.334527058222875,15.496083773197432,-3.4081300295368124,1.3277043871840077,0.16025026614225904,0.5937674527536283,0.07166609770130483,0.014153953233016534,0.00013463328935218175,6.02098374051754e-05,0.15,Across_DV
ecadGFPnbG4,4hAPF,-16.295055179657403,13.562372543449024,-2.755449918054304,1.3258074260586252,0.14543755537389258,0.5929191059482224,0.06504165205948273,0.014432012014267115,0.0001481464240007741,6.625309493784744e-05,0.15,Across_DV
ecadGFPnbG4,4hAPF,-14.255583301091939,11.60941449867806,-2.159819883613467,1.3240267856807837,0.1305726841882051,0.5921227793625554,0.05839387956988771,0.014883806381135409,0.0001571171808155307,7.02649393473305e-05,0.15,Across_DV
ecadGFPnbG4,4hAPF,-12.216111422526467,9.638865127998633,-1.6237601450380903,1.3223748017160768,0.11601063904731203,0.5913839896739906,0.051881535004596226,0.015480541200882925,0.00015614188963187852,6.982877587042999e-05,0.15,Across_DV
ecadGFPnbG4,4hAPF,-10.176639543960995,7.652529811172269,-1.150331118289883,1.3208714421433314,0.10238853553524767,0.5907116668341339,0.04578954511469332,0.016171327231751617,0.00014640799019381904,6.54756437045004e-05,0.15,Across_DV
ecadGFPnbG4,4hAPF,-8.137167665395523,5.652351203163301,-0.7428904907263923,1.3195413456156586,0.09073434502952135,0.5901168295836313,0.04057763267598598,0.01690089304773198,0.00012947075886420462,5.7901083583768996e-05,0.15,Across_DV
ecadGFPnbG4,4hAPF,-6.097695786830052,3.6403961959799367,-0.4048453333995859,1.3184109291706603,0.08251250854419005,0.5896112919808514,0.03690071561976823,0.017609663131879012,0.00010747964978035443,4.806636062134857e-05,0.15,Across_DV
ecadGFPnbG4,4hAPF,-4.05822390826458,1.6188428804569295,-0.13940421272835976,1.3175054826189458,0.07933849199469639,0.589206363972926,0.035481252266492805,0.018234309882563096,8.422488540772863e-05,3.766651383376226e-05,0.15,Across_DV
ecadGFPnbG4,4hAPF,-2.018752029699108,-0.41003249196174174,0.050670697828955294,1.3168462218923274,0.08215336170158154,0.5889115336130031,0.03674010026897282,0.01870912259795273,6.797257479821866e-05,3.0398259570901194e-05,0.15,Across_DV
ecadGFPnbG4,4hAPF,0.020719848866363577,-2.443868547440198,0.16331150610208883,1.316447273978889,0.0905286382539073,0.5887331186822171,0.04048563780924492,0.01896824278422608,7.195734326984171e-05,3.218030220633061e-05,0.15,Across_DV
ecadGFPnbG4,4hAPF,2.0601917274318353,-4.480232008932657,0.19738859414754112,1.3163126234055047,0.10304030501628159,0.5886729011151578,0.04608102528774364,0.018966864013136606,9.811958241513421e-05,4.3880411240826616e-05,0.15,Across_DV
ecadGFPnbG4,4hAPF,4.0996636059973,-6.516635476303442,0.15285643386578635,1.3164343305468802,0.11814036163342011,0.5887273302034504,0.05283397589974709,0.018736106145440228,0.00013597769234492555,6.081107270136126e-05,0.15,Across_DV
ecadGFPnbG4,4hAPF,6.139135484562779,-8.550566560408068,0.030655000814385058,1.316794079329543,0.13460441685740923,0.5888882147500217,0.06019692523297713,0.018327918946878307,0.0001765860472540335,7.89716811076018e-05,0.15,Across_DV
ecadGFPnbG4,4hAPF,8.178607363128243,-10.579521403330862,-0.1674832270114009,1.3173659628136305,0.15156574143049775,0.5891439688191475,0.06778226017974984,0.017795549157521205,0.0002140810813933817,9.573997013845338e-05,0.15,Across_DV
ecadGFPnbG4,4hAPF,10.218079241693722,-12.601038362104957,-0.43922978946468616,1.318119266653458,0.16842828711322272,0.5894808565378608,0.07532341986380356,0.01719139648585998,0.0002439956675346467,0.0001091181797645817,0.15,Across_DV
ecadGFPnbG4,4hAPF,12.257551120259187,-14.612731692432096,-0.7818567645330232,1.3190212415758746,0.1847893665357433,0.5898842319859655,0.08264031701860935,0.016565339849984425,0.00026252064411359853,0.00011740280114700727,0.15,Across_DV
ecadGFPnbG4,4hAPF,14.297022998824666,-16.612325232402647,-1.1924332886244884,1.3200398984366908,0.20039304624474735,0.5903397891832718,0.0896184947243028,0.015963682612650437,0.00026622098279047314,0.00011905764291125991,0.15,Across_DV
ecadGFPnbG4,4hAPF,16.33649487739013,-18.59768608621536,-1.668022076853735,1.3211468507005215,0.21510683822883175,0.5908348332852263,0.09619870254094365,0.015428657695711844,0.00025192127427007595,0.0001126626188492517,0.15,Across_DV
ecadGFPnbG4,4hAPF,18.37596675595561,-20.566858263908376,-2.2058757260565023,1.32232025044688,0.22891238800772798,0.5913595936047541,0.10237273209541747,0.014996143528218573,0.00021801580243298888,9.749963088186544e-05,0.15,Across_DV
ecadGFPnbG4,4hAPF,20.415438634521074,-22.518091180421784,-2.8036106771144786,1.3235484297306641,0.24189479331887287,0.5919088520781737,0.10817864025285233,0.014668388299944912,0.00017036723639233853,7.6190544342409e-05,0.15,Across_DV
ecadGFPnbG4,4hAPF,22.454910513086553,-24.449837577840903,-3.459254684285382,1.3248320998680023,0.2542111667966934,0.5924829268157287,0.11368668991938878,0.014423244564998109,0.00011642141880598054,5.2065241297428975e-05,0.15,Across_DV
ecadGFPnbG4,4hAPF,24.494382391652017,-26.360723980506357,-4.171184696958377,1.3261822760117128,0.2660592702438736,0.5930867439435157,0.11898532286185767,0.014239379589062762,6.765357019304295e-05,3.025559637443952e-05,0.15,Across_DV
ecadGFPnbG4,4hAPF,26.533854270217496,-28.24951760617076,-4.938051118398307,1.3276173441217591,0.2776510860844097,0.5937285259127968,0.1241693405022772,0.014097267065445026,5.305246261510407e-05,2.372578255622779e-05,0.15,Across_DV
ecadGFPnbG4,4hAPF,28.57332614878296,-30.115093262934305,-5.758702013457872,1.3291601225406013,0.289188657510692,0.594418477396547,0.12932909930316247,0.01397934988043097,7.956384331383367e-05,3.558203244017484e-05,0.15,Across_DV
ecadGFPnbG4,4hAPF,30.61279802734844,-31.9564002461806,-6.632107316289895,1.3308349125434284,0.3008416589690535,0.5951674662554187,0.1345404799837226,0.013870249513226301,0.00010667436742024199,4.7706227401689994e-05,0.15,Across_DV
ecadGFPnbG4,4hAPF,32.652269905913904,-33.77242923551229,-7.557283038059509,1.332664524660262,0.3127262036772215,0.5959856936685581,0.13985540995354237,0.013756989892015311,0.00011790223306219766,5.272748156521943e-05,0.15,Across_DV
ecadGFPnbG4,4hAPF,34.69174178447937,-35.562179194307745,-8.533215486330977,1.3346672598118379,0.324884376978868,0.5968813440565285,0.14529271035048333,0.013629362850106849,0.00010715383102812889,4.792065004568447e-05,0.15,Across_DV
ecadGFPnbG4,4hAPF,36.73121366304485,-37.32462539695297,-9.558789053479547,1.3368530960335154,0.33726765579753376,0.5978588797323989,0.1508306809950573,0.013485379249362769,7.650243898995716e-05,3.421293080521491e-05,0.15,Across_DV
ecadGFPnbG4,4hAPF,38.77068554161031,-39.05870263933455,-10.632751150763568,1.3392185169410193,0.3497447494009407,0.5989167281213146,0.15641060688682645,0.013333839442545892,4.213999257191746e-05,1.8845577592428726e-05,0.15,Across_DV
ecadGFPnbG4,4hAPF,40.81015742017579,-40.763318425458735,-11.753737839163886,1.3417468211901242,0.3621310157147816,0.6000474201550746,0.16194991357985924,0.013183622998432265,5.165951127962226e-05,2.3102835781130502e-05,0.15,Across_DV
ecadGFPnbG4,4hAPF,42.849629298741256,-42.4373767413218,-12.920317692224831,1.3444117375425233,0.3742193507372804,0.6012392069787376,0.167355981348879,0.013041804141894065,9.373817356788858e-05,4.192098563689457e-05,0.15,Across_DV
ecadGFPnbG4,4hAPF,44.889101177306735,-44.07980225089563,-14.131036266866369,1.3471811942888536,0.38581070388975336,0.6024777456878456,0.1725397920689062,0.012913664627798787,0.0001314451294948113,5.878404897233213e-05,0.15,Across_DV
ecadGFPnbG4,4hAPF,46.9285730558722,-45.68956449211846,-15.384460574198755,1.3500211082533564,0.39674441108784736,0.6037477938228214,0.17742949457710958,0.012802719619321109,0.00015331596051361543,6.856498194882353e-05,0.15,Across_DV
ecadGFPnbG4,4hAPF,48.96804493443768,-47.26570207288572,-16.67922355033727,1.3528991845171736,0.40692816361367967,0.6050349086568863,0.18198380715986884,0.012710731584649509,0.00015264334712142936,6.826418009532258e-05,0.15,Across_DV
ecadGFPnbG4,4hAPF,51.00751681300314,-48.807346866855625,-18.014068526520767,1.355788707328083,0.4163672606288047,0.6063271425424321,0.18620509967427581,0.012637663052186027,0.00012563200965353227,5.618434274704159e-05,0.15,Across_DV
ecadGFPnbG4,4hAPF,53.04698869156862,-50.313747559574914,-19.387891547613727,1.358673262110953,0.4251900981883772,0.607617154658296,0.1901507925818043,0.012578470268766346,8.049814712809728e-05,3.599986580824099e-05,0.15,Across_DV
ecadGFPnbG4,4hAPF,55.086460570134086,-51.78427835407191,-20.79975058752067,1.3615591418648048,0.4336376893640281,0.6089077593191966,0.19392867020478086,0.01252297517369447,6.619096072273169e-05,2.9601497534409332e-05,0.15,Across_DV
ecadGFPnbG4,4hAPF,57.125932448699565,-53.21839334191177,-22.248797977757214,1.3644823862950648,0.44199014889118327,0.6102150739713784,0.1976640036611878,0.012466296469633814,9.986976763215579e-05,4.466311786452171e-05,0.15,Across_DV
ecadGFPnbG4,4hAPF,59.16540432726503,-54.61553790469613,-23.734173797463832,1.3675008503348394,0.4504652447485537,0.6115649721274934,0.20145418175176924,0.012409168456464677,0.00011566168688911564,5.172547885527175e-05,0.15,Across_DV
ecadGFPnbG4,4hAPF,61.20487620583051,-55.975053912232056,-25.25489572997058,1.3706844070838515,0.4591148589475261,0.6129887019876973,0.20532240681737918,0.012357673794893696,8.776557936683487e-05,3.924996030977914e-05,0.15,Across_DV
ecadGFPnbG4,4hAPF,63.24434808439597,-57.29608486549646,-26.809748913606104,1.3741056469037785,0.4677216762305016,0.6145187269486344,0.2091714925203098,0.012323026626681699,9.535953174054773e-05,4.2646079054882715e-05,0.15,Across_DV
ecadGFPnbG4,4hAPF,65.28381996296145,-58.57748103960091,-28.397175792506847,1.3778311377955592,0.47569535730653156,0.61618481712535,0.21273743110369117,0.012321150651857047,0.00027993881103053,0.00012519244220094659,0.15,Across_DV
ecadGFPnbG4,4hAPF,67.32329184152692,-59.81770462675613,-30.015165967426032,1.3819135234395872,0.4819734643727251,0.6180105154874331,0.21554508593769725,0.012372104193680197,0.0005841798345880116,0.00026125316424467534,0.15,Across_DV
ecadGFPnbG4,wL3,-64.28934965402713,57.06177168817878,-25.149476235466274,0.3387201317110555,0.45884872090766154,0.15148024797072046,0.20520338626767204,0.013007132688773881,0.0009861517480522144,0.00044102046895499943,0.15,Along_DV
ecadGFPnbG4,wL3,-62.235354581736814,55.65392474314204,-23.654170970749934,0.33558903081383423,0.4471094060012811,0.15007997708060097,0.19995340503968337,0.012963534538714305,0.000473894010320817,0.00021193184424146672,0.15,Along_DV
ecadGFPnbG4,wL3,-60.1813595094465,54.20660096252237,-22.196719175919362,0.33307899210105485,0.4344533966084913,0.14895745364301483,0.19429346557445262,0.012933329197538082,0.00016880212630553625,7.54906058331369e-05,0.15,Along_DV
ecadGFPnbG4,wL3,-58.12736443715619,52.72102530478735,-20.77818918418837,0.3310774872916776,0.4215318306447006,0.14806235348080277,0.1885147656002959,0.012912552580460129,0.00014011525698749512,6.266144786177829e-05,0.15,Along_DV
ecadGFPnbG4,wL3,-56.07336936486587,51.19837366036717,-19.39958220016064,0.32945234711921395,0.408688804209096,0.14733556870108389,0.18277118957092814,0.012897806060558455,0.0001880374150740372,8.409288848377816e-05,0.15,Along_DV
ecadGFPnbG4,wL3,-54.01937429257555,49.63978840250079,-18.061841158974016,0.3280895834636788,0.3960313006691887,0.14672612226687531,0.17711058190279275,0.01288643588438072,0.00017589624487881618,7.866319210719645e-05,0.15,Along_DV
ecadGFPnbG4,wL3,-51.965379220285236,48.04639393808211,-16.765859585444794,0.32692024791505797,0.3835022906306773,0.1462031795118307,0.17150743827541504,0.012876541084337237,0.00012062443092208067,5.39448854578e-05,0.15,Along_DV
ecadGFPnbG4,wL3,-49.91138414799492,46.41931225850607,-15.512490453212004,0.32592732414646286,0.3709531310471157,0.1457591305032199,0.16589528349754767,0.012866931915361614,5.7593216807263944e-05,2.5756469564785115e-05,0.15,Along_DV
ecadGFPnbG4,wL3,-47.8573890757046,44.75967823734036,-14.30255531022556,0.3251344739274406,0.3582143772403397,0.14540455710607803,0.16019833960543062,0.012858650393864898,4.24595516235394e-05,1.898848874487913e-05,0.15,Along_DV
ecadGFPnbG4,wL3,-45.80339400341428,43.06864905950091,-13.136858012795221,0.32457987775309943,0.3451530875910149,0.1451565341569004,0.15435715329948968,0.0128556473698442,6.323328396302103e-05,2.8278784276372465e-05,0.15,Along_DV
ecadGFPnbG4,wL3,-43.74939893112397,41.347402322872874,-12.01619766185701,0.3242919084488324,0.3316912071816301,0.1450277503689455,0.14833681735941825,0.012857636626843114,7.333395899999501e-05,3.279594347663427e-05,0.15,Along_DV
ecadGFPnbG4,wL3,-41.69540385883366,39.59713458193697,-10.941366171069854,0.3242823277619138,0.31779937374276257,0.1450234657555013,0.14212420057913577,0.012863581815860508,7.000475642902853e-05,3.1307078824724644e-05,0.15,Along_DV
ecadGFPnbG4,wL3,-39.64140878654334,37.81906127095131,-9.913141527924052,0.324545186192978,0.3034870613816786,0.145141019619565,0.1357235399082169,0.012872302841621164,5.754102207047428e-05,2.5733127368879237e-05,0.15,Along_DV
ecadGFPnbG4,wL3,-37.58741371425302,36.01441665654845,-8.932280981814356,0.3250577226766443,0.2887925369968851,0.1453702329032503,0.1291519488239316,0.012882490294673319,4.243296937350748e-05,1.8976600801265877e-05,0.15,Along_DV
ecadGFPnbG4,wL3,-35.533418641962704,34.1844537903325,-7.9995142321129835,0.3257831036869717,0.27377279497630264,0.14569463315298622,0.12243491599142511,0.012892721461370497,3.399096124888215e-05,1.5201219994612327e-05,0.15,Along_DV
ecadGFPnbG4,wL3,-33.47942356967239,32.3304444614761,-7.115536616242659,0.32667490271475574,0.25849360618330147,0.1460934578026649,0.11560185503498441,0.0129014789894203,3.728067545637889e-05,1.6672424913514238e-05,0.15,Along_DV
ecadGFPnbG4,wL3,-31.42542849738207,30.453679167045998,-6.281002284386406,0.3276831295054426,0.24301980195184897,0.14654435053080733,0.10868175940857407,0.012907114267353498,4.321408719187725e-05,1.9325927309328106e-05,0.15,Along_DV
ecadGFPnbG4,wL3,-29.37143342509175,28.555467435973622,-5.49651759543567,0.32876118002000837,0.22740714122401492,0.14702646937755687,0.10169956526915841,0.012908831032292244,4.5235533363154955e-05,2.0229945519694833e-05,0.15,Along_DV
ecadGFPnbG4,wL3,-27.31743835280144,26.637137846349766,-4.762638296833803,0.3298702789225955,0.21169959232126212,0.14752247348554792,0.09467493584786692,0.012907234026699183,4.341424869825769e-05,1.941544225627719e-05,0.15,Along_DV
ecadGFPnbG4,wL3,-25.263443280511126,24.70003647700539,-4.079871431325596,0.3309799820779073,0.19593029968566494,0.14801874782357255,0.0876226937898105,0.012903046017114544,3.972082746810127e-05,1.7763694068243057e-05,0.15,Along_DV
ecadGFPnbG4,wL3,-23.209448208220806,22.745525000162367,-3.448678023111122,0.3320674624032531,0.18012285771211137,0.1485050838099059,0.08055339082916065,0.012897014413154884,3.670757064533812e-05,1.641612465037037e-05,0.15,Along_DV
ecadGFPnbG4,wL3,-21.155453135930486,20.774978771077855,-2.869475769248001,0.3331162762417397,0.16429249595461673,0.1489741276176256,0.07347383782952643,0.012889900247370065,3.625271126727731e-05,1.621270535246092e-05,0.15,Along_DV
ecadGFPnbG4,wL3,-19.101458063640173,18.789784917688717,-2.342641731053664,0.3341147517542032,0.14844727640116168,0.14942065944157307,0.06638764022153956,0.012882467535971841,3.799739613689092e-05,1.69929521460152e-05,0.15,Along_DV
ecadGFPnbG4,wL3,-17.04746299134986,16.79134043025587,-1.868515025507613,0.3350541131754279,0.13258940264673455,0.14984075464023291,0.059295783482837795,0.012875473065024753,3.958255935630949e-05,1.7701858688825667e-05,0.15,Along_DV
ecadGFPnbG4,wL3,-14.99346791905954,14.781050250222606,-1.447399513988862,0.33592642536388084,0.11671670011502255,0.1502308645104294,0.052197295113329586,0.01286962303578495,3.836322328178803e-05,1.715655501881612e-05,0.15,Along_DV
ecadGFPnbG4,wL3,-12.93947284676922,12.760325427899968,-1.0795661882562555,0.3367226613921389,0.10082417574909487,0.15058695208749331,0.04508994215007238,0.01286514055531196,3.357171769424174e-05,1.5013728577151404e-05,0.15,Along_DV
ecadGFPnbG4,wL3,-10.885477774478908,10.730581886193571,-0.7652539666290734,0.33743213416648526,0.08490538786364145,0.15090423795781807,0.037970843783817584,0.012861912710710239,2.6129268860576038e-05,1.16853642749233e-05,0.15,Along_DV
ecadGFPnbG4,wL3,-8.831482702188595,8.693239794773614,-0.5046692707225998,0.33804315846657224,0.06895368111811469,0.1511774963319978,0.03083702365578963,0.012859815759432583,1.7608274015379836e-05,7.874659532966497e-06,0.15,Along_DV
ecadGFPnbG4,wL3,-6.777487629898275,6.649723023069292,-0.2979854812206052,0.3385439368306313,0.05296348973432933,0.15140145122473725,0.02368599267431453,0.01285872306645246,1.1159337832806593e-05,4.990607595608145e-06,0.15,Along_DV
ecadGFPnbG4,wL3,-4.723492557607955,4.60145859345195,-0.14534239352368736,0.3389235380844264,0.036932436775309656,0.15157121406630325,0.0165166878408611,0.012858506824281376,1.2220557931890328e-05,5.465199651736203e-06,0.15,Along_DV
ecadGFPnbG4,wL3,-2.669497485317642,2.54987613441825,-0.0468456733976126,0.3391729594209715,0.02086928007013277,0.15168275867901398,0.009333025775659691,0.012859039972379024,1.7757463165743795e-05,7.941378949310347e-06,0.15,Along_DV
ecadGFPnbG4,wL3,-0.615502413027329,0.4964073337733333,-0.002566312621658763,0.3392862515275611,0.004944256863185919,0.15173342444934368,0.002211138888860718,0.012860198233121336,2.2223586558884014e-05,9.938690049903057e-06,0.15,Along_DV
ecadGFPnbG4,wL3,1.438492659262991,-1.5575146088898273,-0.01254008495668392,0.3392616708071812,0.01163954232575848,0.15172243161700263,0.005205361573476393,0.012861865256836044,2.370295241084169e-05,1.0600282571616908e-05,0.15,Along_DV
ecadGFPnbG4,wL3,3.492487731553311,-3.6104555848634874,-0.0767670271667954,0.33910257354184475,0.027796798632219104,0.1516512811569373,0.012431106259703019,0.012863959331533073,2.256190075520019e-05,1.0089988758046294e-05,0.15,Along_DV
ecadGFPnbG4,wL3,5.546482803843631,-5.660981433122739,-0.19521103547993213,0.3388171264242728,0.044029888958032525,0.15152362532516284,0.01969076495038562,0.012866408956455017,2.0365914106622365e-05,9.107913673265902e-06,0.15,Along_DV
ecadGFPnbG4,wL3,7.600477876133937,-7.707658973016498,-0.3677995419500085,0.33841718778090646,0.0602831116636611,0.1513447673264836,0.02695942711503133,0.012869131436470085,1.898513240966112e-05,8.490409325967328e-06,0.15,Along_DV
ecadGFPnbG4,wL3,9.654472948424257,-9.749057052389011,-0.5944231978285176,0.3379171103280308,0.0765329655786904,0.1511211258907546,0.03422658271072065,0.012872033674360494,1.9660730326550624e-05,8.792545899491767e-06,0.15,Along_DV
ecadGFPnbG4,wL3,11.708468020714577,-11.783747595711326,-0.8749355569407082,0.33733256612689944,0.09275960557776888,0.15085970977683802,0.04148335672759197,0.01287501347044111,2.1838523993800674e-05,9.7664848356797e-06,0.15,Along_DV
ecadGFPnbG4,wL3,13.762463093004882,-13.810306652212887,-1.2091527590617708,0.3366794157294859,0.10894498580038599,0.1505676120392085,0.048721678811482476,0.012877961025707346,2.38319194962412e-05,1.0657958405579574e-05,0.15,Along_DV
ecadGFPnbG4,wL3,15.816458165295202,-15.827315444013113,-1.5968532132930287,0.3359726311426968,0.12507348444407937,0.1502515283629066,0.05593456267994479,0.012880760591340124,2.409558302985429e-05,1.0775872322448907e-05,0.15,Along_DV
ecadGFPnbG4,wL3,17.870453237585522,-17.833361416913704,-2.037777279563596,0.3352252753573142,0.14113297323070256,0.14991730069500794,0.0631165844021018,0.012883278913510396,2.1782891003642333e-05,9.741605006122575e-06,0.15,Along_DV
ecadGFPnbG4,wL3,19.924448309875842,-19.82703936178157,-2.5316269210820024,0.33444779978513756,0.1571156261014226,0.1495696030489614,0.07026424405804424,0.012885408497071519,1.7934305025413305e-05,8.020465033208048e-06,0.15,Along_DV
ecadGFPnbG4,wL3,21.978443382166162,-21.80695254052818,-3.078065534621647,0.33364857236140616,0.1730170267478042,0.14921217767917233,0.07737556661459791,0.01288715040422381,1.5756105867446292e-05,7.04634475605864e-06,0.15,Along_DV
ecadGFPnbG4,wL3,24.032438454456468,-23.7717136001513,-3.676718128281416,0.3328351819276179,0.18883399779276716,0.14884841841873261,0.08444913110553452,0.012888513876967964,1.8361073228449914e-05,8.211321575733107e-06,0.15,Along_DV
ecadGFPnbG4,wL3,26.086433526746788,-25.719945439680885,-4.3271715614072965,0.3320157095170041,0.20456236814236217,0.148481939215569,0.09148307216093184,0.012889510024995767,2.425682533462648e-05,1.0847982073312778e-05,0.15,Along_DV
ecadGFPnbG4,wL3,28.140428599037108,-27.65028207694733,-5.02897478473726,0.3311998609032323,0.22019481642749528,0.14811708062362045,0.09847411556499336,0.012890151813900052,3.0274145917365737e-05,1.3539009646395502e-05,0.15,Along_DV
ecadGFPnbG4,wL3,30.194423671327414,-29.561369515349913,-5.7816390805461655,0.33039991438553734,0.2357187584644092,0.14775933366523442,0.10541663349965458,0.012890454223609566,3.440348105273226e-05,1.538570445930707e-05,0.15,Along_DV
ecadGFPnbG4,wL3,32.248418743617734,-31.45186661062511,-6.584638302790677,0.3296314182487424,0.2511142271484268,0.14741565174477053,0.11230169640424109,0.01289043455409079,3.561563023228463e-05,1.592779405217701e-05,0.15,Along_DV
ecadGFPnbG4,wL3,34.302413815908054,-33.32044592734611,-7.437409128633543,0.3289135566032687,0.2663517123114273,0.14709461425722672,0.1191161069303638,0.01289019679068722,3.421549134769375e-05,1.5301632907399823e-05,0.15,Along_DV
ecadGFPnbG4,wL3,36.356408888198374,-35.165794400969475,-8.339351654822377,0.3282689913228975,0.2813910365429069,0.14680635590065746,0.12584189719381345,0.012889944548510857,3.333050890944718e-05,1.4905856729237253e-05,0.15,Along_DV
ecadGFPnbG4,wL3,38.41040396048869,-36.986614446224564,-9.289830339175472,0.32772285188986733,0.2961849070471891,0.14656211492116775,0.13245791721339426,0.01288948492326766,3.6343825523865034e-05,1.6253452886750822e-05,0.15,Along_DV
ecadGFPnbG4,wL3,40.464399032779,-38.7816263118325,-10.28817428308007,0.32730156257567844,0.31068580270446194,0.14637370861222362,0.13894291489825297,0.01288853750549238,4.238114271692522e-05,1.8953423215832984e-05,0.15,Along_DV
ecadGFPnbG4,wL3,42.51839410506932,-40.549570683002415,-11.333677319029636,0.3270324273382984,0.3248532702078665,0.14625334767503917,0.14527879897957932,0.012886767235239854,4.790919272969778e-05,2.142564233814859e-05,0.15,Along_DV
ecadGFPnbG4,wL3,44.57238917735964,-42.289211285229094,-12.425598096853806,0.3269442037398793,0.33866131528074583,0.1462138928823822,0.15145394446344718,0.012883788939378093,5.038039911749035e-05,2.2530799432055767e-05,0.15,Along_DV
ecadGFPnbG4,wL3,46.626384249649945,-43.99933748809076,-13.563160169948384,0.32706872353415545,0.3521058873162954,0.14626957982729136,0.1574665398634235,0.012879173374210665,5.119400232731178e-05,2.2894653848830315e-05,0.15,Along_DV
ecadGFPnbG4,wL3,48.680379321940265,-45.67876690904686,-14.745552081505343,0.3274435954165925,0.3652124332054449,0.1464372276296879,0.16332796537509522,0.012872454663206842,6.0469409400096194e-05,2.7042741995575973e-05,0.15,Along_DV
ecadGFPnbG4,wL3,50.734374394230585,-47.32634811045786,-15.971927350916868,0.32811605704365315,0.37804326412889333,0.14673796161176142,0.16906608740562265,0.012862591941130892,9.135003613861251e-05,4.0852978110599995e-05,0.15,Along_DV
ecadGFPnbG4,wL3,52.788369466520905,-48.94096393643666,-17.24140319638341,0.329146051129552,0.390696369917991,0.14719858897025992,0.17472472833980635,0.012851003512195725,0.0001301179325833147,5.81905084696053e-05,0.15,Along_DV
ecadGFPnbG4,wL3,54.842364538811225,-50.521524753588814,-18.55306558835489,0.3306009075729947,0.40327218258279784,0.14784922055126823,0.18034880273796852,0.01284504796697814,0.00014615536317808428,6.536266546847323e-05,0.15,Along_DV
ecadGFPnbG4,wL3,56.89635961110153,-52.06694532934036,-19.905987238494163,0.3325398505360104,0.41581796355567635,0.1487163422052278,0.1859594465552045,0.012852718863309359,0.00011233686066878249,5.023857136686402e-05,0.15,Along_DV
ecadGFPnbG4,wL3,58.95035468339185,-53.57611870897781,-21.299248142510567,0.33498680457622027,0.42826885124912983,0.14981065331957322,0.19152765280776,0.012882181202677817,6.965024656427538e-05,3.114853719346818e-05,0.15,Along_DV
ecadGFPnbG4,wL3,61.00434975568217,-55.04789007090038,-22.731956142647682,0.33788899790911997,0.440388129558947,0.15110855363481532,0.19694755883555798,0.012941715161312798,0.0002770984000017751,0.00012392217177207939,0.15,Along_DV
ecadGFPnbG4,wL3,63.058344827972476,-56.48103058187238,-24.203267490171168,0.34106482917094416,0.4517079956293199,0.15252882855211686,0.20200995684146744,0.013039626663311817,0.00065577408668257,0.0002932710871410132,0.15,Along_DV
ecadGFPnbG4,wL3,65.11233990026278,-57.874211252275565,-25.71240740785665,0.34415731901954055,0.4614745554313117,0.15391183205635478,0.20637769516618154,0.013184015763534479,0.001209463707826411,0.0005408886134037599,0.15,Along_DV
ecadGFPnbG4,0hAPF,-62.135892379645696,56.09293355565088,-22.79814848487981,0.3091341318140729,0.44437130768407485,0.13824898658032947,0.1987288902464132,0.01288996999551984,0.0008761528274312901,0.0003918274561630014,0.15,Along_DV
ecadGFPnbG4,0hAPF,-60.08332337089175,54.604551859478875,-21.385339478752527,0.30720363676133167,0.4322195075440221,0.1373856429466982,0.19329444001398333,0.012907760984670827,0.00040387069786006484,0.00018061646690707676,0.15,Along_DV
ecadGFPnbG4,0hAPF,-58.03075436213779,53.078830413353785,-20.012046945056586,0.30603163383343795,0.41915674672111697,0.13686150730337834,0.1874525957792159,0.012895488026435975,0.00013063431988460415,5.842144389128547e-05,0.15,Along_DV
ecadGFPnbG4,0hAPF,-55.978185353383836,51.51723535313314,-18.67955965899352,0.30542094232940653,0.4058573147356424,0.1365883977601192,0.18150490898288468,0.012853656178669745,0.00012865269454072077,5.753523409631354e-05,0.15,Along_DV
ecadGFPnbG4,0hAPF,-53.92561634462989,49.921159675742906,-17.388832400807456,0.30520101454375875,0.3926680973071469,0.1364900430643493,0.17560651163485652,0.012785189799279612,0.0001691677802825547,7.565413126290818e-05,0.15,Along_DV
ecadGFPnbG4,0hAPF,-51.87304733587594,48.29194090581869,-16.14055888139369,0.3052477116697604,0.37968735092120753,0.136510926653968,0.1698013453713275,0.012695647168375599,0.00014831607119128798,6.632896346788362e-05,0.15,Along_DV
ecadGFPnbG4,0hAPF,-49.82047832712198,46.63087876234688,-14.935244667907165,0.30549233838985596,0.3668462900867046,0.1366203270490173,0.16405864838549575,0.012593158031454197,8.862855324772063e-05,3.9635893961872616e-05,0.15,Along_DV
ecadGFPnbG4,0hAPF,-47.76790931836803,44.93925282427584,-13.773280110310187,0.305915120854252,0.35398944290218176,0.1368094011150342,0.15830889152931177,0.012488271256761076,2.6063127548824998e-05,1.1655784981084033e-05,0.15,Along_DV
ecadGFPnbG4,0hAPF,-45.71534030961408,43.21833933765028,-12.655013856172241,0.3065257145347597,0.34095252297174816,0.13708246691028358,0.1524786036929775,0.01239506482406181,3.823332243595031e-05,1.7098461594490547e-05,0.15,Along_DV
ecadGFPnbG4,0hAPF,-43.66277130086013,41.46941936493259,-11.580822466009728,0.30733638456101536,0.3276213082535431,0.13744500956748942,0.14651670322646704,0.012320488140975307,6.265143299663042e-05,2.8018572613647794e-05,0.15,Along_DV
ecadGFPnbG4,0hAPF,-41.61020229210617,39.69377585896411,-10.551136658396144,0.3083470859569939,0.31394660457585427,0.13789700897276183,0.14040118982737132,0.012263059239138166,6.951632926609566e-05,3.108864755704959e-05,0.15,Along_DV
ecadGFPnbG4,0hAPF,-39.55763328335222,37.89268937737518,-9.566428733644447,0.3095439783893607,0.2999328875460553,0.13843227554086726,0.13413406504815595,0.012220406889181572,6.330849381174797e-05,2.8312419143238647e-05,0.15,Along_DV
ecadGFPnbG4,0hAPF,-37.50506427459827,36.06743400727506,-8.627195275374039,0.31090073908236227,0.28562353603550733,0.13903903736861753,0.12773472850985104,0.012189625861456747,5.054699734709707e-05,2.2605304425322114e-05,0.15,Along_DV
ecadGFPnbG4,0hAPF,-35.45249526584432,34.21927329224444,-7.733939829826757,0.31238122383005784,0.2710857405976237,0.1397011302757173,0.1212332287414322,0.012167322474832185,3.969802250531852e-05,1.7753495378841745e-05,0.15,Along_DV
ecadGFPnbG4,0hAPF,-33.399926257090364,32.349456159328,-6.887155585182907,0.31394334623930953,0.25639519661699883,0.1403997326549698,0.11466341774800669,0.012149656545425162,3.818722135064949e-05,1.707784456237672e-05,0.15,Along_DV
ecadGFPnbG4,0hAPF,-31.34735724833641,30.45921284718898,-6.087308050594653,0.31554403109145124,0.2416207352490048,0.14111558068295843,0.10805607775805086,0.012132370874201555,4.174591089735814e-05,1.8669338909828407e-05,0.15,Along_DV
ecadGFPnbG4,0hAPF,-29.29478823958246,28.549751226940977,-5.334818119027321,0.3171449260393041,0.22680934008667333,0.1418315226686054,0.10143222047313392,0.012112210362358317,4.1184813259315825e-05,1.841840841769297e-05,0.15,Along_DV
ecadGFPnbG4,0hAPF,-27.24221923082851,26.62225702317165,-4.63005448246354,0.31871660427034115,0.2119766158301901,0.1425343985412765,0.09479882452733261,0.012091512764208797,3.4450108364662916e-05,1.5406556827124077e-05,0.15,Along_DV
ecadGFPnbG4,0hAPF,-25.189650222074555,24.677899973262658,-3.9733487290306306,0.32023857258295674,0.19710953274596632,0.14321504346259833,0.08815006284664029,0.01207455425484735,2.3118994837031413e-05,1.0339128805413782e-05,0.15,Along_DV
ecadGFPnbG4,0hAPF,-23.1370812133206,22.717841618423154,-3.365019190779571,0.32169763951751584,0.18217402434028732,0.1438675580324776,0.08147070043191675,0.012066140881054604,1.2629157525337854e-05,5.647930945041692e-06,0.15,Along_DV
ecadGFPnbG4,0hAPF,-21.08451220456665,20.743243143114363,-2.8053951431047643,0.3230858931043006,0.1671227606211998,0.1444884039104893,0.07473957066728554,0.012071542628723078,1.8348530244454387e-05,8.205712182762169e-06,0.15,Along_DV
ecadGFPnbG4,0hAPF,-19.0319431958127,18.755273214474673,-2.2948410041691174,0.3243984498370522,0.15190289216414088,0.14507539712624085,0.06793303857156782,0.01209642973970548,3.266965344440579e-05,1.4610313180610298e-05,0.15,Along_DV
ecadGFPnbG4,0hAPF,-16.979374187058745,16.755115821744816,-1.8337805343291023,0.3256310808125721,0.1364637938560478,0.1456266464567277,0.0610284639059282,0.012146812142826056,4.54725813452547e-05,2.0335956600075666e-05,0.15,Along_DV
ecadGFPnbG4,0hAPF,-14.92680517830479,14.743978112578926,-1.4227210235401806,0.3267777763673232,0.12076484056665206,0.14613946429871177,0.05400767855979164,0.012228750781431402,5.348287098979933e-05,2.391826703300855e-05,0.15,Along_DV
ecadGFPnbG4,0hAPF,-12.87423616955084,12.723097572678451,-1.062273800322656,0.3278285404716077,0.10478356496405837,0.14660938029181114,0.04686063483687996,0.012341094193420814,5.527445264131575e-05,2.4719486705014963e-05,0.15,Along_DV
ecadGFPnbG4,0hAPF,-10.821667160796892,10.693744237942767,-0.7531440273931338,0.32876905845196347,0.08852106639454309,0.14702999271943842,0.03958782437979411,0.012473083858538037,5.200583479704695e-05,2.325771636656419e-05,0.15,Along_DV
ecadGFPnbG4,0hAPF,-8.769098152042936,8.657217433986553,-0.49608454565208876,0.32958216901315124,0.07199979878420017,0.14739362681704618,0.03219928888955566,0.01261275284328722,4.523793812684088e-05,2.023102096270914e-05,0.15,Along_DV
ecadGFPnbG4,0hAPF,-6.71652914328898,6.614841603679388,-0.29184342226092913,0.33024962645802064,0.05525944731096109,0.14769212286080943,0.024712776117275393,0.012747664312838797,3.669031094913175e-05,1.6408405879572684e-05,0.15,Along_DV
ecadGFPnbG4,0hAPF,-4.663960134535031,4.56796212722646,-0.14111144510383936,0.3307539668732201,0.038353559999989496,0.14791767075124673,0.01715223346781867,0.012865051749258824,2.834605890138834e-05,1.2676742919543467e-05,0.15,Along_DV
ecadGFPnbG4,0hAPF,-2.6113911257810827,2.5179411422492635,-0.044469617249623755,0.33108046926945006,0.0213513203956297,0.1480636870618041,0.009548600762801143,0.012951983913670886,2.2511270130684343e-05,1.0067346054414152e-05,0.15,Along_DV
ecadGFPnbG4,0hAPF,-0.5588221170271268,0.46615336386634015,-0.0023366514135531704,0.3312191812078064,0.004482253527645215,0.1481257209264952,0.0020045247160405868,0.012995554074344051,2.088862989028849e-05,9.341679278303806e-06,0.15,Along_DV
ecadGFPnbG4,0hAPF,1.493746891726829,-1.5860180986713295,-0.014916639388063915,0.3311669489545314,0.012921350710347796,0.148102361952707,0.005778603709890573,0.012984651906281203,2.2892022418317545e-05,1.0237623653961431e-05,0.15,Along_DV
ecadGFPnbG4,0hAPF,3.546315900480778,-3.6371861645295844,-0.08215886828219036,0.3309289131587224,0.029860399907362327,0.14799590910860558,0.013353976805638117,0.01292324898483801,2.7807201608874486e-05,1.2435758612296974e-05,0.15,Along_DV
ecadGFPnbG4,0hAPF,5.598884909234727,-5.685965245290164,-0.20377052599555961,0.33051781625859955,0.046713381680316905,0.14781206098580274,0.02089085937921639,0.012823638562314823,3.4961964369516195e-05,1.5635465791432756e-05,0.15,Along_DV
ecadGFPnbG4,0hAPF,7.651453917988675,-7.730977394163432,-0.37926420474592704,0.32995184040869296,0.06340921657070672,0.14755894889099988,0.028357463730421265,0.012698266192827792,4.297839962148037e-05,1.9220524623556266e-05,0.15,Along_DV
ecadGFPnbG4,0hAPF,9.704022926742638,-9.77085851131051,-0.6080082540685605,0.3292522864103463,0.07991053227444114,0.14724609883215292,0.035737076456768255,0.012559456843369565,5.0206099279563086e-05,2.2452850174841254e-05,0.15,Along_DV
ecadGFPnbG4,0hAPF,11.756591935496587,-11.8042645491906,-0.8892771350977802,0.3284412663966981,0.09619424533968875,0.14688339965582686,0.043019374324767275,0.012419244423761707,5.495500122099202e-05,2.457662368674442e-05,0.15,Along_DV
ecadGFPnbG4,0hAPF,13.809160944250536,-13.829877717908413,-1.2223017748485152,0.3275394599298647,0.11225062864048498,0.1464800995433492,0.050200007231441836,0.012289226320163512,5.555945471965641e-05,2.4846943509194648e-05,0.15,Along_DV
ecadGFPnbG4,0hAPF,15.861729953004499,-15.846412690561518,-1.6063199204978211,0.32656396766208007,0.1280840293581811,0.14604384613889082,0.05728091929539434,0.012180439839064536,5.0442046326952544e-05,2.2558368902251892e-05,0.15,Along_DV
ecadGFPnbG4,0hAPF,17.914298961758448,-17.852622703999437,-2.0406259918697542,0.3255262905740089,0.14371354263949812,0.14557978283736658,0.06427065012584647,0.012100982932304197,3.9276636057804335e-05,1.756504563055397e-05,0.15,Along_DV
ecadGFPnbG4,0hAPF,19.966867970512396,-19.847302342774704,-2.52460704622954,0.3244310697210305,0.15917079367134107,0.14508998518183958,0.07118334293634239,0.012048801546024761,2.5799078067080644e-05,1.153769846296324e-05,0.15,Along_DV
ecadGFPnbG4,0hAPF,22.019436979266345,-21.829280621415784,-3.057741508670787,0.3232774590424406,0.1744940232971534,0.14457407480246023,0.0780360995519734,0.012019381134718012,2.0586865085475e-05,9.206725954947824e-06,0.15,Along_DV
ecadGFPnbG4,0hAPF,24.072005988020294,-23.797409603659457,-3.639582202744026,0.32206194926920434,0.18972240376679017,0.14403048230640592,0.08484643833544099,0.012008585564197313,3.195465284913876e-05,1.429055519361632e-05,0.15,Along_DV
ecadGFPnbG4,0hAPF,26.124574996774257,-25.750552797578386,-4.269738690767555,0.3207812060586889,0.20489076337620693,0.14345771653031913,0.0916299349742046,0.012012694201381579,4.761842418263879e-05,2.129560669076004e-05,0.15,Along_DV
ecadGFPnbG4,0hAPF,28.177144005528206,-27.687573550704407,-4.9478596141325735,0.31943478604945125,0.22002455272717847,0.1428555791969349,0.09839797132339155,0.012028440635304087,6.0205851447205734e-05,2.692487529584122e-05,0.15,Along_DV
ecadGFPnbG4,0hAPF,30.229713014282154,-29.607323445151927,-5.673615033608376,0.3180276611029214,0.2351348998065229,0.1422262937902796,0.10515552396999747,0.012053053485424459,6.624481703005933e-05,2.9625582807249677e-05,0.15,Along_DV
ecadGFPnbG4,0hAPF,32.28228202303612,-31.508630692823022,-6.446678770293954,0.31657244758825015,0.25021356363476377,0.14157550252216333,0.11189890743596022,0.012084321322628079,6.32833070262255e-05,2.8301155270326055e-05,0.15,Along_DV
ecadGFPnbG4,0hAPF,34.334851031790066,-33.390288844375696,-7.266711471432072,0.31509120755453435,0.26522826977831976,0.1409130718408868,0.1186136881557952,0.012121810709390899,5.1286879841240964e-05,2.2936189935775683e-05,0.15,Along_DV
ecadGFPnbG4,0hAPF,36.387420040544015,-35.25105120422795,-8.133351480683315,0.3136157466726105,0.2801243852652185,0.1402532256748621,0.1252754335216738,0.012166405338577003,3.586290744957559e-05,1.6038379785606926e-05,0.15,Along_DV
ecadGFPnbG4,0hAPF,38.439989049297964,-37.08963738276377,-9.04621620907199,0.3121843690004431,0.2948357930878494,0.13961309411957376,0.13185457510889878,0.012218491248445904,2.713671248101953e-05,1.2135906758685329e-05,0.15,Along_DV
ecadGFPnbG4,0hAPF,40.49255805805191,-38.90474401978136,-10.004905452182848,0.3108377164372802,0.3092980605543719,0.13901085278491246,0.13832229774168436,0.012278021880296197,3.1926246769299126e-05,1.4277851608517177e-05,0.15,Along_DV
ecadGFPnbG4,0hAPF,42.545127066805875,-40.695055646275804,-11.009004710435004,0.3096156366055858,0.32346196634493735,0.1384643220693924,0.1446565889766058,0.012344515299073539,3.99078601892167e-05,1.784733764392923e-05,0.15,Along_DV
ecadGFPnbG4,0hAPF,44.597696075559824,-42.4592555462216,-12.058088509355812,0.30855536256267285,0.33730737015426726,0.13799015310244603,0.15084844179532506,0.012417052948091343,4.487705219461937e-05,2.0069627867395005e-05,0.15,Along_DV
ecadGFPnbG4,0hAPF,46.65026508431377,-44.19603661835537,-13.15172371985484,0.3076911793251747,0.3508573421831276,0.13760367860963368,0.15690817350527556,0.012494279778301247,5.612942546795474e-05,2.5101842176870948e-05,0.15,Along_DV
ecadGFPnbG4,0hAPF,48.702834093067736,-45.9041122629739,-14.289472814800906,0.3070558122274758,0.3641923224277003,0.1373195338054094,0.1628717579663718,0.012573718293422678,9.331243648761731e-05,4.17305902264888e-05,0.15,Along_DV
ecadGFPnbG4,0hAPF,50.755403101821685,-47.582227581217396,-15.470891754772817,0.3066840780181119,0.3774556351919733,0.13715328921306943,0.16880329175592282,0.012649473986556145,0.0001472538939917139,6.585394338340402e-05,0.15,Along_DV
ecadGFPnbG4,0hAPF,52.80797211057563,-49.22915597262613,-16.69550932287304,0.3066219616811769,0.39080968458094895,0.13712550994268943,0.17477540419765064,0.012723396951670216,0.0001816180684388612,8.122206939430054e-05,0.15,Along_DV
ecadGFPnbG4,0hAPF,54.86054111932958,-50.84366117693554,-17.962807013476446,0.3069395434629884,0.40434328259167307,0.13726753683319864,0.18082781322407765,0.012800888093700636,0.0001647329877775694,7.367083176145744e-05,0.15,Along_DV
ecadGFPnbG4,0hAPF,56.91311012808353,-52.42444881974156,-19.272203792515757,0.3077310048292889,0.41796936761646364,0.1376214891165212,0.18692158370060238,0.012889186551573433,0.00012809162731355537,5.728431720433571e-05,0.15,Along_DV
ecadGFPnbG4,0hAPF,58.965679136837494,-53.970117718648154,-20.62304103354017,0.3090920957292469,0.4313217599066864,0.1382301874716937,0.19289295506523882,0.012997359644475187,0.0003205502862027158,0.00014335444603125706,0.15,Along_DV
ecadGFPnbG4,0hAPF,61.01824814559144,-55.47911118941472,-22.014567453774013,0.31107585312379105,0.4436522376713836,0.1391173507487074,0.19840731236062134,0.013136192426178991,0.0007523222852718784,0.00033644875417118176,0.15,Along_DV
ecadGFPnbG4,0hAPF,63.07081715434541,-56.94966835210363,-23.44592405017545,0.3136446788561741,0.45373167337301656,0.14026616454069923,0.20291497304135925,0.013317819770596187,0.0014061719995372157,0.0006288592358044034,0.15,Along_DV
ecadGFPnbG4,2hAPF,-62.18065796709735,54.75499844674264,-25.533728352486484,0.31697767349762285,0.4737358091125942,0.14175672505808362,0.21186109451032498,0.012549852678766987,0.0006526046977344536,0.00029185369331398826,0.15,Along_DV
ecadGFPnbG4,2hAPF,-60.12639183942549,53.339344271787866,-24.045849450158734,0.31481362183981865,0.46291425416757864,0.14078893173534937,0.20702154801446424,0.01223250139948234,0.0003145968642452439,0.0001406919947921277,0.15,Along_DV
ecadGFPnbG4,2hAPF,-58.07212571175362,51.886260995448126,-22.593569997533642,0.31343510591451595,0.45139649159001066,0.14017244067194082,0.20187064800003518,0.012029055149006295,0.00014436107738507726,6.456023646762806e-05,0.15,Along_DV
ecadGFPnbG4,2hAPF,-56.01785958408175,50.39760757897464,-21.177567072256515,0.31264005732916245,0.4397559557619176,0.1398168841354877,0.1966648421188076,0.01191436092816294,0.00012154968179869225,5.435867022906895e-05,0.15,Along_DV
ecadGFPnbG4,2hAPF,-53.96359345640988,48.874830521668656,-19.79853841294253,0.31227051250911303,0.4282325414067534,0.13965161866781503,0.1915114145525988,0.011865399621120175,0.00011439685055345386,5.1159826849881453e-05,0.15,Along_DV
ecadGFPnbG4,2hAPF,-51.909327328738016,47.31906205001745,-18.457201958377095,0.3122219465689472,0.4168220722384932,0.1396298993190946,0.18640849760951975,0.01186135771096489,7.530494123043133e-05,3.367739352657422e-05,0.15,Along_DV
ecadGFPnbG4,2hAPF,-49.85506120106615,45.73121830683048,-17.15429538671615,0.3124436906280805,0.40536786655795026,0.13972906627706036,0.1812860211035281,0.011883699030893235,3.903404964056863e-05,1.7456557686682537e-05,0.15,Along_DV
ecadGFPnbG4,2hAPF,-47.80079507339428,44.112097535748795,-15.890575659463924,0.31292805980890875,0.39365227889235427,0.13994568275996797,0.17604665102020195,0.011916456295137786,7.107630175678469e-05,3.1786288463491656e-05,0.15,Along_DV
ecadGFPnbG4,2hAPF,-45.74652894572242,42.46247612150805,-14.666820563547745,0.3136895175021954,0.38148460394895556,0.1402862169928038,0.17060510135988985,0.011952680615094868,0.00010438059258337506,4.66804201096274e-05,0.15,Along_DV
ecadGFPnbG4,2hAPF,-43.69226281805055,40.783178652677165,-13.483844589809404,0.314739605044788,0.36875553823341656,0.14075583041831632,0.16491249011388842,0.011996515265019773,0.00011615265186209547,5.1945045066102595e-05,0.15,Along_DV
ecadGFPnbG4,2hAPF,-41.63799669037868,39.075092082791116,-12.342515243666798,0.31607706368303207,0.3554404251263903,0.14135396010475795,0.15895779050680658,0.012051353604694112,0.00010908984713705526,4.878646277070327e-05,0.15,Along_DV
ecadGFPnbG4,2hAPF,-39.58373056270681,37.33915341168451,-11.243752269256012,0.3176869112429113,0.3415800890825643,0.14207390582021837,0.1527592597898095,0.012119865727433888,8.879296308763107e-05,3.970942027751454e-05,0.15,Along_DV
ecadGFPnbG4,2hAPF,-37.529464435034946,35.576335289892064,-10.188523672751968,0.31954097404854037,0.3272586236295972,0.1429030679138065,0.14635450573175965,0.012204154391623848,6.175762922061388e-05,2.7618851413303997e-05,0.15,Along_DV
ecadGFPnbG4,2hAPF,-35.47519830736307,33.78763161710586,-9.177841725132826,0.3216000222691798,0.31258079656952215,0.14382390227186642,0.13979038191809692,0.012305727000659896,3.5712641480419876e-05,1.5971178801259514e-05,0.15,Along_DV
ecadGFPnbG4,2hAPF,-33.420932179691206,31.974043140632695,-8.212758964944388,0.32381741332950925,0.2976492468605421,0.14481554970058583,0.1331127898863576,0.012425461729669943,2.14432377697268e-05,9.58970746216002e-06,0.15,Along_DV
ecadGFPnbG4,2hAPF,-31.36666605201934,30.136563058139085,-7.294364197349367,0.32614405060649243,0.28254164658872377,0.14585605352264971,0.12635646564942157,0.012563480252849372,2.0914601065622354e-05,9.353293941004224e-06,0.15,Along_DV
ecadGFPnbG4,2hAPF,-29.312399924347474,28.276163818925305,-6.4237780141297005,0.328534122689612,0.26728943108924047,0.1469249262524457,0.11953546751655747,0.012717929417739726,1.9229121606396002e-05,8.599524611902283e-06,0.15,Along_DV
ecadGFPnbG4,2hAPF,-27.258133796675608,26.39379631913881,-5.602149458229208,0.33094854971153254,0.2518691724836388,0.14800469084199103,0.11263931822200718,0.012887591420308842,2.2833650100985065e-05,1.0211518760049507e-05,0.15,Along_DV
ecadGFPnbG4,2hAPF,-25.203867669003742,24.490409035210313,-4.830663471752557,0.33335476173105766,0.2362121219400994,0.14908078157077806,0.10563727235350635,0.013072744227515545,4.2682783723523323e-05,1.9088321174943948e-05,0.15,Along_DV
ecadGFPnbG4,2hAPF,-23.14960154133187,22.566972941485304,-4.110554201715612,0.3357257190957847,0.22021916957892235,0.15014110593863475,0.09848500662540481,0.013274566830681797,7.107891857277039e-05,3.178745873917738e-05,0.15,Along_DV
ecadGFPnbG4,2hAPF,-21.095335413660003,20.62450660696721,-3.443118605660724,0.33803839538791525,0.20377599244769337,0.15117536621846597,0.09113139425910523,0.013495153076467897,0.00010132278114132712,4.531292526026823e-05,0.15,Along_DV
ecadGFPnbG4,2hAPF,-19.041069285988137,18.66410129206247,-2.8297300572778696,0.3402718222979379,0.18676822942961172,0.15217418509718356,0.08352529140837771,0.013737525398980077,0.00012859320604182461,5.75086300308313e-05,0.15,Along_DV
ecadGFPnbG4,2hAPF,-16.98680315831627,16.686946045325712,-2.2718519520258034,0.3424048374997953,0.16909675608642552,0.15312809849486228,0.07562236827678975,0.01400564851004966,0.00014852371900987577,6.642182639543199e-05,0.15,Along_DV
ecadGFPnbG4,2hAPF,-14.932537030644404,14.69435278676429,-1.771051295804669,0.3444136452065505,0.15069311721662312,0.1540264646120683,0.06739201076754264,0.01430416251910445,0.00015689459874468117,7.016539761913205e-05,0.15,Along_DV
ecadGFPnbG4,2hAPF,-12.878270902972538,12.68777878547343,-1.3290073157328786,0.34626985676255306,0.13153505489833187,0.15485658765603677,0.058824264835367346,0.0146293271130311,0.0001515954695712419,6.779555500845954e-05,0.15,Along_DV
ecadGFPnbG4,2hAPF,-10.824004775300665,10.668830023530832,-0.947478738492974,0.3479412292437347,0.11165426074787106,0.1556040481527657,0.04993330340194524,0.014965056789118794,0.00013503279390764624,6.038850127384329e-05,0.15,Along_DV
ecadGFPnbG4,2hAPF,-8.769738647628799,8.639244043186162,-0.6282227699863985,0.34939368079590866,0.091129352460213,0.1562536042337029,0.040754285369314795,0.015292847498737345,0.00011024813943918511,4.930446683577869e-05,0.15,Along_DV
ecadGFPnbG4,2hAPF,-6.715472519956933,6.60086948512176,-0.3729056101129208,0.35059341273612704,0.07007567013690158,0.1567901406683241,0.03133879239899278,0.015592742653666187,8.048895500871204e-05,3.5995754967480456e-05,0.15,Along_DV
ecadGFPnbG4,2hAPF,-4.661206392285067,4.5556456018604425,-0.18301289457057082,0.3515093334549022,0.04863701159965704,0.15719975286616045,0.021751132831855785,0.015843630168645075,4.953608845005984e-05,2.2153212222755197e-05,0.15,Along_DV
ecadGFPnbG4,2hAPF,-2.6069402646132005,2.5055817711733352,-0.0597601366555671,0.3521156932699917,0.02699109718240253,0.15747092521923334,0.012070785617431018,0.016023650191794036,2.454979088234026e-05,1.0979000249263473e-05,0.15,Along_DV
ecadGFPnbG4,2hAPF,-0.5526741369413273,0.4527370094876604,-0.0040031690622447935,0.35239479809536994,0.0057433310659954625,0.15759574469171211,0.0025684957361704367,0.01611070645904149,2.6556639542736645e-05,1.1876490254303614e-05,0.15,Along_DV
ecadGFPnbG4,2hAPF,1.5015919907305388,-1.6008005168745036,-0.01614889516924632,0.35233963355947284,0.01691949144141408,0.1575710743612695,0.007566626601545556,0.01608578609916859,4.515217464078751e-05,2.0192666365748604e-05,0.15,Along_DV
ecadGFPnbG4,2hAPF,3.555858118402405,-3.6529341289676447,-0.09608722984438492,0.3519557282969839,0.03836729946797611,0.15739938670850045,0.01715837794469722,0.015956139266813257,6.312124359430702e-05,2.822867830023873e-05,0.15,Along_DV
ecadGFPnbG4,2hAPF,5.610124246074271,-5.701579914871338,-0.24321469503685447,0.35126046208495587,0.059623760136373244,0.15708845420598977,0.02666455614781454,0.01574343603826115,7.902292235408372e-05,3.534012523288378e-05,0.15,Along_DV
ecadGFPnbG4,2hAPF,7.664390373746137,-7.744688429474202,-0.45651796056010163,0.35028059651953414,0.08053423406625473,0.1566502450033709,0.03601600437760497,0.01546952294459299,9.274481665933538e-05,4.147674292220577e-05,0.15,Along_DV
ecadGFPnbG4,2hAPF,9.718656501418003,-9.780266428381433,-0.7346622536498701,0.34904947045398427,0.10102415511954513,0.15609966868908262,0.04517937564335726,0.015155738835427087,0.00010372980683770772,4.638937987640739e-05,0.15,Along_DV
ecadGFPnbG4,2hAPF,11.77292262908987,-11.806398601836992,-1.0760797706126346,0.34760412908019334,0.12104670049514346,0.15545329237658473,0.05413373015183964,0.01482245230148183,0.00011088715045740273,4.959024125079988e-05,0.15,Along_DV
ecadGFPnbG4,2hAPF,13.827188756761736,-13.821269308645785,-1.479058088474034,0.34598252527300055,0.14057607698211153,0.15472808910749364,0.06286753282844897,0.014488708595758296,0.00011278202084486513,5.0437653049783336e-05,0.15,Along_DV
ecadGFPnbG4,2hAPF,15.881454884433616,-15.823184310095854,-1.9418285766272685,0.34422091019860446,0.15960512577281805,0.15394027089618603,0.07137758215708495,0.014171980368617564,0.00010792153023812614,4.826397556964982e-05,0.15,Along_DV
ecadGFPnbG4,2hAPF,17.935721012105482,-17.810592203217368,-2.4626540950606413,0.34235146007624934,0.17814324980345989,0.15310422738535975,0.07966808325865246,0.013885015022426245,9.631819451170483e-05,4.307480607964383e-05,0.15,Along_DV
ecadGFPnbG4,2hAPF,19.989987139777348,-19.782096704417338,-3.0398964259078696,0.3404001452173962,0.19621143832746007,0.15223157285137956,0.08774842281264167,0.013626459743582143,8.147547794466827e-05,3.643694143671262e-05,0.15,Along_DV
ecadGFPnbG4,2hAPF,22.044253267449214,-21.736442769923812,-3.6720283315209095,0.3383870170043958,0.2138356988727601,0.15133127454504122,0.09563023173913335,0.013391922119350896,6.846821034074666e-05,3.061991452393271e-05,0.15,Along_DV
ecadGFPnbG4,2hAPF,24.09851939512108,-23.672490914024156,-4.357621772687898,0.33632854772186654,0.23104267883174368,0.15041069909597513,0.1033254271142861,0.013177992804503227,6.322780159730524e-05,2.827633248788886e-05,0.15,Along_DV
ecadGFPnbG4,2hAPF,26.152785522792946,-25.589190948657222,-5.095335040278604,0.33423999755924855,0.24785607154210076,0.1494766710683687,0.11084460492083768,0.012982228691852274,6.776512906270972e-05,3.030548701765311e-05,0.15,Along_DV
ecadGFPnbG4,2hAPF,28.207051650464813,-27.485555722993176,-5.883899886875517,0.3321375582397466,0.26429348544771436,0.14853643162097377,0.11819563989428815,0.012803133743270296,7.728732638755066e-05,3.4563943120355305e-05,0.15,Along_DV
ecadGFPnbG4,2hAPF,30.26131777813668,-29.360634863013246,-6.722108658404937,0.33004018353515335,0.28036356327497364,0.14759845713822195,0.1253823971793809,0.012640139311735845,8.563701688545067e-05,3.8298038229233e-05,0.15,Along_DV
ecadGFPnbG4,2hAPF,32.315583905808545,-31.213488511316335,-7.608801426299989,0.32797099090498344,0.2960630650295948,0.14667308606230164,0.13240342780662293,0.01249359954235281,8.909096106680226e-05,3.9842689025231404e-05,0.15,Along_DV
ecadGFPnbG4,2hAPF,34.36985003348041,-33.0431616885288,-8.542853784221723,0.325958241295729,0.31137412419005395,0.14577295707270582,0.13925074162468445,0.012365237768208448,8.737788885421696e-05,3.907657984169006e-05,0.15,Along_DV
ecadGFPnbG4,2hAPF,36.42411616115228,-34.848669094873415,-9.523171835242035,0.32403585098283744,0.3262660281103687,0.1449132379889233,0.14591060352072832,0.012256352521848021,8.433387361797192e-05,3.771525484313227e-05,0.15,Along_DV
ecadGFPnbG4,2hAPF,38.47838228882416,-36.629001242336,-10.548696562455415,0.3222408772181282,0.3407039076330796,0.1441105013177796,0.1523674195334751,0.012167140838040928,8.31936138047905e-05,3.720531515227529e-05,0.15,Along_DV
ecadGFPnbG4,2hAPF,40.53264841649602,-38.3831377321349,-11.618409701554079,0.32061002648799575,0.3546593022504904,0.1433811626990333,0.15860846173694815,0.012097128663296326,8.324515227998001e-05,3.722836385907138e-05,0.15,Along_DV
ecadGFPnbG4,2hAPF,42.58691454416789,-40.11006076727581,-12.731339592000381,0.3191776745501118,0.3681211098551084,0.1427405954388709,0.164628765117738,0.012045200097181253,8.047582082414675e-05,3.598988118157705e-05,0.15,Along_DV
ecadGFPnbG4,2hAPF,44.641180671839756,-41.808768665106804,-13.886567028199156,0.3179757173252288,0.3811069699739822,0.14220306382669382,0.17043621831215908,0.012009620436048498,7.16614241406425e-05,3.2047963148584217e-05,0.15,Along_DV
ecadGFPnbG4,2hAPF,46.69544679951162,-43.47828936987318,-15.08323111067006,0.317035399039613,0.39367500164663616,0.14178254070526922,0.17605681294484402,0.011988053515070023,6.38121214694437e-05,2.8537648278829972e-05,0.15,Along_DV
ecadGFPnbG4,2hAPF,48.74971292718349,-45.11769398247826,-16.320535037046884,0.31639131740245235,0.40593562685023776,0.14149449864051913,0.18153993122522408,0.011977000177106184,8.830971005163806e-05,3.9493302949751835e-05,0.15,Along_DV
ecadGFPnbG4,2hAPF,50.803979054855354,-46.726108567312096,-17.597746610758946,0.31608702265218436,0.4180552702529645,0.14135841389116002,0.18696000052753486,0.011972733707411816,0.00014370046640021066,6.426480225385911e-05,0.15,Along_DV
ecadGFPnbG4,2hAPF,52.85824518252722,-48.302692090213185,-18.914180762747367,0.3161830573837032,0.4302135426602766,0.14140136192873543,0.19239734524587684,0.011985495558366008,0.0001820903556958637,8.143328267661344e-05,0.15,Along_DV
ecadGFPnbG4,2hAPF,54.912511310199086,-49.84655229023097,-20.26918481955709,0.3167711497788203,0.4425133996358343,0.14166436484324194,0.19789800850805123,0.01203084485235567,0.00016902277473790142,7.558928281191635e-05,0.15,Along_DV
ecadGFPnbG4,2hAPF,56.96677743787095,-51.35664430231746,-21.662129870342156,0.31797457210207464,0.4548816582387486,0.14220255166732942,0.2034292619079338,0.012127004997588939,0.00015875429114701773,7.099707734490493e-05,0.15,Along_DV
ecadGFPnbG4,2hAPF,59.02104356554283,-52.831668887336306,-23.092402370867877,0.31992184810755503,0.4669686839405245,0.1430733999711711,0.20883474413092543,0.01229479548016271,0.0003911258776945898,0.00017491681005687428,0.15,Along_DV
ecadGFPnbG4,2hAPF,61.0753096932147,-54.26997066207208,-24.55939574751296,0.322696621268252,0.4780491071643783,0.14431431625306315,0.2137900600405263,0.012557546705009059,0.0008732438478808014,0.0003905265209589915,0.15,Along_DV
ecadGFPnbG4,2hAPF,63.12957582088656,-55.66943632923945,-26.062502001271746,0.3262893789484783,0.48692944864466314,0.14592104633299727,0.21776146948319192,0.012940818970753684,0.001602288414657177,0.0007165651629467636,0.15,Along_DV
ecadGFPnbG4,4hAPF,-67.03527230096371,56.24531919797844,-31.43330980812367,0.3716964331082766,0.5222900569354623,0.16622769828486197,0.23357521425598582,0.01258967013226712,0.0008253762013925997,0.0003691194586648819,0.15,Along_DV
ecadGFPnbG4,4hAPF,-64.99444546210248,55.03574519570361,-29.789674277186283,0.3668054071985641,0.5124388545006654,0.16404036500209598,0.22916962259512236,0.01221602589126774,0.0004114998140662957,0.00018402831139615228,0.15,Along_DV
ecadGFPnbG4,4hAPF,-62.95361862324124,53.785570496951564,-28.176777764157105,0.3623963011666601,0.5019089463534,0.16206855284062766,0.2244605045122995,0.011983851171268918,0.0001890906233748025,8.456389755477381e-05,0.15,Along_DV
ecadGFPnbG4,4hAPF,-60.912791784380005,52.49626057488323,-26.5949226814246,0.35847254911385573,0.4912493872300589,0.16031379757724268,0.21969340475030574,0.0118731788641625,0.0001626624160081976,7.274484391573597e-05,0.15,Along_DV
ecadGFPnbG4,4hAPF,-58.87196494551877,51.1689279672032,-25.044739700283678,0.35495996862919516,0.48071475664169616,0.15874292382921462,0.2149821747276202,0.011862759957239472,0.0001767104817125676,7.902732988920692e-05,0.15,Along_DV
ecadGFPnbG4,4hAPF,-56.831138106657534,49.804405616273726,-23.527128820129402,0.351759131521701,0.47033410619806126,0.1573114659577625,0.21033980671909402,0.011930670131539783,0.0001536155701656007,6.869897145853436e-05,0.15,Along_DV
ecadGFPnbG4,4hAPF,-54.7903112677963,48.40332020922881,-22.0432004376507,0.34878780649116725,0.4599813084015083,0.15598264900745848,0.20570989479301352,0.012054620938109838,0.00011353543378600786,5.0774589560087977e-05,0.15,Along_DV
ecadGFPnbG4,4hAPF,-52.74948442893506,46.96616551808826,-20.594216416024086,0.34600605060213896,0.4494454414880967,0.15473860995452293,0.20099811186895766,0.01221215707863751,0.00010674244824010552,4.773667406992574e-05,0.15,Along_DV
ecadGFPnbG4,4hAPF,-50.70865759007383,45.49337569380667,-19.181531203231692,0.3434244011087619,0.438500864756556,0.15358406120226914,0.19610354835762017,0.012381594097843824,0.00013586003876204817,6.075845641953921e-05,0.15,Along_DV
ecadGFPnbG4,4hAPF,-48.66783075121259,43.985393790631306,-17.806537765279263,0.3410948979005604,0.42696853420906294,0.15254227569680068,0.19094613334898183,0.012552053768182104,0.00016058979945877592,7.181794161657637e-05,0.15,Along_DV
ecadGFPnbG4,4hAPF,-46.627003912351356,42.442710772950974,-16.470641090380578,0.339085905729615,0.41473564732943735,0.1516438270847009,0.1854754200242002,0.012723687702690162,0.0001696272583780718,7.585961611405785e-05,0.15,Along_DV
ecadGFPnbG4,4hAPF,-44.58617707349012,40.86587329918699,-15.175258482175735,0.3374648606162496,0.40174660072707025,0.1509188736710851,0.17966654179103908,0.012897697563286714,0.00016520920407212255,7.388380216278021e-05,0.15,Along_DV
ecadGFPnbG4,4hAPF,-42.54535023462889,39.255485647176535,-13.9218244353877,0.33628859143871126,0.3879917081733762,0.15039283010292243,0.173515166836386,0.013075458510206087,0.0001533567266549939,6.858321312148406e-05,0.15,Along_DV
ecadGFPnbG4,4hAPF,-40.504523395767656,37.61221155833305,-12.71179555845059,0.33559584715234725,0.373495891962674,0.15008302543985552,0.1670324407490913,0.01325850547629374,0.00014138814855585102,6.323070227674432e-05,0.15,Along_DV
ecadGFPnbG4,4hAPF,-38.46369655690642,35.93677608181248,-11.546655496120884,0.33540225868740103,0.3583076820511214,0.1499964500463996,0.16024006678533773,0.013448514941255527,0.0001353562433720902,6.05331522717998e-05,0.15,Along_DV
ecadGFPnbG4,4hAPF,-36.422869718045185,34.22996741867963,-10.427919852088703,0.3356981925220806,0.34248881566589323,0.15012879568063675,0.15316565467246643,0.013647286703159608,0.0001362150464256824,6.091722067322312e-05,0.15,Along_DV
ecadGFPnbG4,4hAPF,-34.38204287918395,32.492638766080645,-9.35714111157931,0.3364497261809857,0.32610457285322036,0.15046489175037492,0.14583839853466665,0.013856724647984413,0.00013877735252422452,6.206311879632361e-05,0.15,Along_DV
ecadGFPnbG4,4hAPF,-32.34121604032271,30.72571028672968,-8.335913348246402,0.33760265079593993,0.30921509455594626,0.15098049531276903,0.1382851942192242,0.014077844844291285,0.00013566142550977363,6.066963387287558e-05,0.15,Along_DV
ecadGFPnbG4,4hAPF,-30.300389201461478,28.930173003188695,-7.365872251954698,0.3390892633590882,0.2918717706293662,0.15164532866224997,0.13052902396809787,0.014308170969692637,0.00012428692001904403,5.558280037533238e-05,0.15,Along_DV
ecadGFPnbG4,4hAPF,-28.259562362600242,27.10709557055502,-6.4486825911804315,0.340835374523096,0.2741193021905115,0.15242621331404851,0.12258987872855814,0.014543998534577518,0.00010653380681031653,4.7643366785939556e-05,0.15,Along_DV
ecadGFPnbG4,4hAPF,-26.218735523739007,25.257631194567022,-5.58601952865358,0.34276518554677365,0.2559967529458291,0.15328925104058286,0.11448522832121867,0.014781477713988115,8.630674407183312e-05,3.859754933225917e-05,0.15,Along_DV
ecadGFPnbG4,4hAPF,-24.17790868487777,23.383024445422684,-4.779549521763306,0.3448048581179954,0.23753776639115667,0.15420142034480158,0.10623011857481823,0.015016679878226667,6.97161846909603e-05,3.117802562018348e-05,0.15,Along_DV
ecadGFPnbG4,4hAPF,-22.137081846016535,21.484618071209468,-4.030911222702453,0.3468851159037302,0.21877047555310608,0.15513173990872683,0.09783713096134021,0.01524566897931266,6.400014918976984e-05,2.862173683169069e-05,0.15,Along_DV
ecadGFPnbG4,4hAPF,-20.0962550071553,19.563859811334122,-3.341696378612025,0.3489430737818704,0.1997174463750768,0.15605208665079737,0.08931635727746813,0.015464584551650302,7.017972003355179e-05,3.138532492738513e-05,0.15,Along_DV
ecadGFPnbG4,4hAPF,-18.05542816829407,17.622309209952512,-2.7134307317256825,0.3509234852673417,0.18039596657395493,0.15693775359178438,0.0806755288252286,0.015669735650889176,8.049766400012021e-05,3.599964974684128e-05,0.15,Along_DV
ecadGFPnbG4,4hAPF,-16.014601329432836,15.661644420164004,-2.1475549224422057,0.352779565318076,0.16081888553367849,0.15776781782480903,0.07192039202381252,0.01585777688554798,8.72221221268708e-05,3.900691884349433e-05,0.15,Along_DV
ecadGFPnbG4,4hAPF,-13.9737744905716,13.683667553983373,-1.6454058983311615,0.3544735112314652,0.14099583534109592,0.15852537346731826,0.06305525447341154,0.016027151400154684,8.809754468390068e-05,3.939841971280543e-05,0.15,Along_DV
ecadGFPnbG4,4hAPF,-11.932947651710364,11.690300317271056,-1.208201917056717,0.3559763813732955,0.1209345689484117,0.15919747742701573,0.054083583399656764,0.016177676547309595,8.536835223273857e-05,3.8177887743909874e-05,0.15,Along_DV
ecadGFPnbG4,4hAPF,-9.892120812849129,9.683570044485895,-0.8370313076497696,0.35726699881888424,0.10064294256305802,0.15977465909527244,0.04500889220532093,0.016308818815563914,8.227942245009121e-05,3.6796476349565246e-05,0.15,Along_DV
ecadGFPnbG4,4hAPF,-7.851293973987893,7.6655943420417945,-0.5328418163648276,0.3583307397913419,0.08013118220085538,0.16025037852024585,0.03583575410370677,0.016419621054500556,8.174738570500525e-05,3.655854228385726e-05,0.15,Along_DV
ecadGFPnbG4,4hAPF,-5.8104671351266575,5.6385657239567895,-0.2964299563691383,0.3591584708238226,0.059415291113716656,0.16062055109138842,0.026571325966641926,0.01650872833679082,8.485710362182994e-05,3.7949250414431065e-05,0.15,Along_DV
ecadGFPnbG4,4hAPF,-3.769640296265422,3.6047362475021223,-0.1284303574318178,0.35974562090625267,0.038527277381201874,0.16088313259085008,0.017229922242471492,0.016574423534718902,9.024364111598171e-05,4.035818321448602e-05,0.15,Along_DV
ecadGFPnbG4,4hAPF,-1.7288134574041862,1.5664021488513122,-0.029305115612979778,0.36009135360499667,0.017591046559881682,0.1610377489541373,0.007866955180651853,0.016614671856610832,9.514213226402805e-05,4.2548855053328536e-05,0.15,Along_DV
ecadGFPnbG4,4hAPF,0.3120133814570494,-0.47411152127030987,0.0006668570323025338,0.3601977820750707,0.005325714676947729,0.16108534521290266,0.0023817320092846908,0.016627175881389657,9.679245520095488e-05,4.328690190768764e-05,0.15,Along_DV
ecadGFPnbG4,4hAPF,2.352840220318285,-2.5144662503390895,-0.038599878836716964,0.360069183227248,0.02568111968038613,0.16102783405979074,0.011484945868730213,0.016610725653934857,9.380502866976634e-05,4.195088414738284e-05,0.15,Along_DV
ecadGFPnbG4,4hAPF,4.393667059179521,-4.552325222972959,-0.14699304413703315,0.35971166680156064,0.047063445987449166,0.16086794785360878,0.02104741289666521,0.016567247381183342,8.728331448632366e-05,3.9034284898582366e-05,0.15,Along_DV
ecadGFPnbG4,4hAPF,6.434493898040756,-6.585368111877726,-0.3242098694888448,0.3591337638381667,0.06854554946254385,0.1606095017914993,0.03065450163066444,0.016498991457498755,7.925372145033026e-05,3.5443341726554334e-05,0.15,Along_DV
ecadGFPnbG4,4hAPF,8.475320736901992,-8.611305761241692,-0.5697676767439329,0.3583471692003671,0.0900224244120632,0.16025772597532795,0.04025925209694197,0.01640795866458935,7.194807339508247e-05,3.21761565923097e-05,0.15,Along_DV
ecadGFPnbG4,4hAPF,10.516147575763227,-10.62789486764581,-0.8830145379776765,0.35736736887701115,0.11142090127539403,0.1598195459498479,0.04982894187321481,0.016295849794297945,6.716786075972492e-05,3.0038380512397117e-05,0.15,Along_DV
ecadGFPnbG4,4hAPF,12.556974414624463,-12.632952660973874,-1.2631399344810672,0.35621418759112344,0.13267184749264743,0.1593038276007228,0.05933265393880893,0.016164022634202743,6.545409670305461e-05,2.9271961926774994e-05,0.15,Along_DV
ecadGFPnbG4,4hAPF,14.597801253485699,-14.624371585322658,-1.7091854157527255,0.3549122891839148,0.153707331285506,0.15872160093305937,0.06874000827889432,0.01601345718447706,6.580785212208992e-05,2.9430166159649368e-05,0.15,Along_DV
ecadGFPnbG4,4hAPF,16.638628092346934,-16.60013397991211,-2.2200552584909152,0.3534916486572391,0.17446149566726082,0.15808627117521176,0.07802155275365605,0.01584472940753788,6.652627502568794e-05,2.9751454649456958e-05,0.15,Along_DV
ecadGFPnbG4,4hAPF,18.67945493120817,-18.558326718323592,-2.7945271390198254,0.35198798799633413,0.19487226998165857,0.1574138136846366,0.08714952852173605,0.01565819750028221,6.655585190864109e-05,2.9764681833626118e-05,0.15,Along_DV
ecadGFPnbG4,4hAPF,20.720281770069406,-20.497153473706398,-3.43126357315316,0.3504427011693402,0.2148829540693533,0.15672274040665793,0.0960985785010078,0.015455619680082789,6.713291480791062e-05,3.0022752207638077e-05,0.15,Along_DV
ecadGFPnbG4,4hAPF,22.76110860893064,-22.414937379350306,-4.128826444923054,0.34890146516786447,0.234442598560827,0.156033478712924,0.1048459174407407,0.015239727202165806,7.034223478373874e-05,3.145800373313801e-05,0.15,Along_DV
ecadGFPnbG4,4hAPF,24.801935447791877,-24.310117686272797,-4.885693452333614,0.3474123826754162,0.253505719806577,0.15536754077748016,0.11337120443450419,0.015013425487958204,7.699121408677452e-05,3.4431517673653445e-05,0.15,Along_DV
ecadGFPnbG4,4hAPF,26.842762286653112,-26.181245951882268,-5.7002747013099295,0.3460239858922805,0.2720321440652275,0.15474663086011348,0.12165647323897294,0.014779707049273772,8.619584342269247e-05,3.8547953054213696e-05,0.15,Along_DV
ecadGFPnbG4,4hAPF,28.883589125514348,-28.026982228402584,-6.570929299724211,0.3447830834512854,0.28998703896191985,0.15419168241781137,0.12968614634254655,0.014541578609338019,9.618809169525224e-05,4.30166223313134e-05,0.15,Along_DV
ecadGFPnbG4,4hAPF,30.92441596437557,-29.84609125129782,-7.495981951421935,0.34373246989069883,0.30734107492240037,0.15372183374990045,0.1374471071608686,0.014301996316383592,0.00010523199355623262,4.706117819991119e-05,0.15,Along_DV
ecadGFPnbG4,4hAPF,32.965242803236805,-31.637438627696817,-8.473739550248007,0.34290852546623274,0.32407062481660653,0.15335335460134283,0.1449287893201525,0.014063809327752,0.00011210911198674067,5.013671905989773e-05,0.15,Along_DV
ecadGFPnbG4,4hAPF,35.00606964209804,-33.39998702239615,-9.502507772706078,0.3423387434560655,0.3401578971670048,0.15309854033992476,0.15212323622976115,0.013829702632875479,0.00011637756613954377,5.204562978879953e-05,0.15,Along_DV
ecadGFPnbG4,4hAPF,37.046896480959276,-35.132791936119716,-10.580607158235772,0.3420394124025898,0.3555909837725821,0.15296467542325506,0.1590251223803036,0.013601661552702394,0.00011841867045584104,5.295843938888131e-05,0.15,Along_DV
ecadGFPnbG4,4hAPF,39.08772331982051,-36.834994626738855,-11.706384737294496,0.3420152712981981,0.3703644938031202,0.15295387919316072,0.16563203691921527,0.013380936141002175,0.00011902696709458407,5.323047791582412e-05,0.15,Along_DV
ecadGFPnbG4,4hAPF,41.12855015868175,-38.50581194239853,-12.878220223322055,0.3422625275608275,0.3844812333398494,0.1530644555553811,0.17194523476417234,0.013168906450794968,0.00011820101699830851,5.286110180356519e-05,0.15,Along_DV
ecadGFPnbG4,4hAPF,43.16937699754298,-40.14452560968412,-14.094531177009733,0.34277361847340054,0.39795417965473734,0.15329302236002026,0.1779705195276313,0.012967123047847199,0.00011487853406501302,5.1375242264978866e-05,0.15,Along_DV
ecadGFPnbG4,4hAPF,45.21020383640422,-41.75047151493826,-15.353778158466003,0.34354310203407584,0.41080857405094023,0.15363714586986796,0.1837191794635317,0.012777276587674854,0.00010734373676005808,4.800557847086658e-05,0.15,Along_DV
ecadGFPnbG4,4hAPF,47.251030675265454,-43.32302898557801,-16.65446987938224,0.3445745372113647,0.42308414813422174,0.15409841770402846,0.18920898308614212,0.012601170068319909,9.421167620178942e-05,4.2132742452280065e-05,0.15,Along_DV
ecadGFPnbG4,4hAPF,49.29185751412669,-44.86161007141176,-17.995168355198448,0.3458882015445166,0.4348374321936808,0.15468590625373738,0.19446521150930515,0.012440693047013165,7.701512055650728e-05,3.444220897193834e-05,0.15,Along_DV
ecadGFPnbG4,4hAPF,51.332684352987926,-46.36564882627291,-19.374494056980254,0.34752953287981786,0.4461440583603415,0.1554199319416042,0.19952168845027138,0.01229777208370704,6.895990589118207e-05,3.0839807458934263e-05,0.15,Along_DV
ecadGFPnbG4,4hAPF,53.37351119184916,-47.83459092787763,-20.791130807043725,0.3495775665931026,0.45709996785211343,0.15633584046222737,0.20442132012605882,0.012173871236778818,9.354492082856979e-05,4.18345603845036e-05,0.15,Along_DV
ecadGFPnbG4,4hAPF,55.4143380307104,-49.26788272667754,-22.243829903037568,0.35214223697110886,0.46781062989600425,0.1574827959232478,0.20921127380889215,0.012073430737857918,0.0001291688798660397,5.776607919159374e-05,0.15,Along_DV
ecadGFPnbG4,4hAPF,57.45516486957163,-50.66494880213653,-23.73141633633151,0.3553365640003256,0.47836354365830114,0.15891134239918653,0.21393068031552995,0.012002666002186507,0.00014110167034338616,6.310258532531551e-05,0.15,Along_DV
ecadGFPnbG4,4hAPF,59.49599170843287,-52.025161571389084,-25.2527963641756,0.35923496907170677,0.4887976559479376,0.16065476214787416,0.21859695718842856,0.011968134782550679,0.00010707315655662079,4.7884571325216274e-05,0.15,Along_DV
ecadGFPnbG4,4hAPF,61.53681854729412,-53.34781035581307,-26.806965113227193,0.36382248807952267,0.49907232595366763,0.1627063630177839,0.22319192930426665,0.01197668245732883,8.083391580661113e-05,3.615002612621545e-05,0.15,Along_DV
ecadGFPnbG4,4hAPF,63.57764538615534,-54.63207044741887,-28.393014183102043,0.36893549548043186,0.5090354898537962,0.1649929694413624,0.22764759165459855,0.012035397498233527,0.0002723068803441008,0.00012177933903806212,0.15,Along_DV
ecadGFPnbG4,4hAPF,65.61847222501656,-55.87697217523856,-30.010139249925565,0.37419887912159283,0.5183917242255727,0.16734682616402166,0.231831826868341,0.01215151969136232,0.000616055651352448,0.0002755084628693968,0.15,Along_DV
ecadGFPnbG4,4hAPF,67.65929906387782,-57.08136997171512,-31.65764766988398,0.3789724492554097,0.5266732146449359,0.1694816316269371,0.23553542197488286,0.012332215511975539,0.001111537980456794,0.0004970948967748448,0.15,Along_DV
